$2;2;0;1;0;0;23759;8037;0;429;0;4023;4025;0;0;0;0;0;0;0;0;17
$2;2;1000;1;0;0;23759;8036;0;429;0;4024;4024;0;0;0;0;0;0;0;0;39
$2;2;2000;1;0;0;23759;8038;0;429;0;4024;4025;0;0;0;0;0;0;0;0;43
$2;2;3000;1;0;0;23759;8038;0;429;0;4024;4025;0;0;0;0;0;0;0;0;42
$2;2;4000;1;0;-1;23759;8038;0;429;0;4023;4024;0;0;0;0;0;0;0;0;7
$2;2;5000;1;0;-7;23759;8036;0;426;0;4023;4024;0;0;0;0;0;0;0;0;1
$2;2;6000;1;0;-17;23759;8034;0;426;0;4022;4023;0;0;0;0;0;0;0;0;55
$2;2;7000;1;0;-32;23759;8028;0;426;0;4020;4021;0;0;0;0;0;0;0;0;60
$2;2;8000;1;0;-49;23759;8023;0;426;0;4018;4020;0;0;0;0;0;0;0;0;62
$2;2;9000;1;0;-69;23759;8018;0;426;0;4016;4018;0;0;0;0;0;0;0;0;48
$2;2;10000;1;0;-96;23759;8010;-1;426;0;4013;4015;0;0;0;0;0;0;0;0;36
$2;2;11000;1;0;-125;23759;8000;-1;426;0;4010;4011;0;0;0;0;0;0;0;0;26
$2;2;12000;1;0;-162;23759;7989;-2;426;0;4005;4007;0;0;0;0;0;0;0;0;29
$2;2;13000;1;0;-213;23759;7971;-2;426;0;3999;4002;0;0;0;0;0;0;0;0;16
$2;2;14000;1;0;-265;23759;7955;-3;424;0;3993;3996;0;0;0;0;0;0;0;0;26
$2;2;15000;1;0;-320;23760;7935;-4;424;0;3987;3990;0;0;0;0;0;0;0;0;19
$2;2;16000;1;0;-352;23759;7927;-5;424;0;3983;3986;0;0;0;0;0;0;0;0;30
$2;2;17000;1;0;-370;23759;7920;-7;424;0;3980;3983;0;0;0;0;0;0;0;0;28
$2;2;18000;1;0;-382;23759;7915;-8;424;0;3977;3981;0;0;0;0;0;0;0;0;29
$2;2;19000;1;0;-388;23759;7909;-9;424;0;3975;3978;0;0;0;0;0;0;0;0;30
$2;2;20000;1;0;-392;23759;7907;-10;422;0;3973;3977;0;0;0;0;0;0;0;0;38
$2;2;21000;1;0;-395;23759;7903;-11;422;0;3971;3975;0;0;0;0;0;0;0;0;37
$2;2;22000;1;0;-397;23759;7902;-12;422;0;3969;3973;0;0;0;0;0;0;0;0;41
$2;2;23000;1;0;-398;23759;7898;-13;422;0;3968;3971;0;0;0;0;0;0;0;0;39
$2;2;24000;1;0;-398;23759;7894;-14;422;0;3966;3970;0;0;0;0;0;0;0;0;36
$2;2;25000;1;0;-399;23759;7890;-15;422;0;3965;3969;0;0;0;0;0;0;0;0;42
$2;2;26000;1;0;-399;23759;7888;-17;422;0;3964;3967;0;0;0;0;0;0;0;0;45
$2;2;27000;1;0;-399;23759;7886;-18;422;0;3962;3966;0;0;0;0;0;0;0;0;42
$2;2;28000;1;0;-399;23759;7883;-19;422;0;3961;3965;0;0;0;0;0;0;0;0;33
$2;2;29000;1;0;-399;23759;7883;-20;422;0;3960;3964;0;0;0;0;0;0;0;0;42
$2;2;30000;1;0;-400;23759;7881;-21;422;0;3959;3963;0;0;0;0;0;0;0;0;43
$2;2;31000;1;0;-399;23759;7879;-22;422;0;3958;3962;0;0;0;0;0;0;0;0;41
$2;2;32000;1;0;-400;23759;7875;-23;422;0;3957;3961;0;0;0;0;0;0;0;0;44
$2;2;33000;1;0;-400;23759;7874;-24;422;0;3956;3960;0;0;0;0;0;0;0;0;43
$2;2;34000;1;0;-400;23759;7872;-25;419;0;3955;3959;0;0;0;0;0;0;0;0;42
$2;2;35000;1;0;-400;23759;7869;-27;419;0;3954;3958;0;0;0;0;0;0;0;0;35
$2;2;36000;1;0;-400;23759;7866;-28;419;0;3953;3957;0;0;0;0;0;0;0;0;40
$2;2;37000;1;0;-400;23759;7866;-29;419;0;3952;3956;0;0;0;0;0;0;0;0;40
$2;2;38000;1;0;-400;23759;7865;-30;419;0;3951;3955;0;0;0;0;0;0;0;0;44
$2;2;39000;1;0;-399;23759;7863;-31;419;0;3950;3954;0;0;0;0;0;0;0;0;45
$2;2;40000;1;0;-400;23759;7862;-32;419;0;3949;3954;0;0;0;0;0;0;0;0;46
$2;2;41000;1;0;-400;23760;7861;-33;419;0;3949;3953;0;0;0;0;0;0;0;0;32
$2;2;42000;1;0;-400;23760;7858;-34;419;0;3948;3952;0;0;0;0;0;0;0;0;46
$2;2;43000;1;0;-400;23759;7857;-35;419;0;3947;3952;0;0;0;0;0;0;0;0;36
$2;2;44000;1;0;-400;23759;7854;-37;419;0;3946;3951;0;0;0;0;0;0;0;0;32
$2;2;45000;1;0;-399;23759;7855;-38;419;0;3946;3950;0;0;0;0;0;0;0;0;41
$2;2;46000;1;0;-400;23759;7852;-39;419;0;3945;3950;0;0;0;0;0;0;0;0;40
$2;2;47000;1;0;-400;23759;7851;-40;419;0;3944;3949;0;0;0;0;0;0;0;0;45
$2;2;48000;1;0;-400;23759;7849;-41;419;0;3943;3948;0;0;0;0;0;0;0;0;44
$2;2;49000;1;0;-400;23759;7847;-42;419;0;3943;3947;0;0;0;0;0;0;0;0;47
$2;2;50000;1;0;-400;23759;7846;-43;419;0;3942;3947;0;0;0;0;0;0;0;0;38
$2;2;51000;1;0;-400;23759;7845;-44;419;0;3942;3946;0;0;0;0;0;0;0;0;34
$2;2;52000;1;0;-400;23759;7844;-45;419;0;3941;3945;0;0;0;0;0;0;0;0;33
$2;2;53000;1;0;-399;23759;7845;-47;419;0;3940;3945;0;0;0;0;0;0;0;0;37
$2;2;54000;1;0;-400;23759;7842;-48;419;0;3940;3944;0;0;0;0;0;0;0;0;44
$2;2;55000;1;0;-400;23759;7840;-49;419;0;3939;3944;0;0;0;0;0;0;0;0;32
$2;2;56000;1;0;-399;23759;7839;-50;419;0;3938;3943;0;0;0;0;0;0;0;0;36
$2;2;57000;1;0;-400;23759;7837;-51;419;0;3938;3942;0;0;0;0;0;0;0;0;44
$2;2;58000;1;0;-400;23759;7837;-52;419;0;3937;3942;0;0;0;0;0;0;0;0;47
$2;2;59000;1;0;-400;23759;7835;-53;419;0;3937;3941;0;0;0;0;0;0;0;0;46
$2;2;60000;1;0;-400;23759;7833;-54;419;0;3936;3941;0;0;0;0;0;0;0;0;36
$2;2;61000;1;0;-400;23759;7835;-55;419;0;3936;3940;0;0;0;0;0;0;0;0;35
$2;2;62000;1;0;-400;23759;7833;-57;419;0;3935;3940;0;0;0;0;0;0;0;0;39
$2;2;63000;1;0;-399;23759;7832;-58;419;0;3934;3939;0;0;0;0;0;0;0;0;32
$2;2;64000;1;0;-400;23759;7830;-59;422;0;3934;3938;0;0;0;0;0;0;0;0;42
$2;2;65000;1;0;-400;23759;7829;-60;422;0;3933;3938;0;0;0;0;0;0;0;0;46
$2;2;66000;1;0;-400;23759;7826;-61;422;0;3933;3937;0;0;0;0;0;0;0;0;44
$2;2;67000;1;0;-400;23759;7826;-62;422;0;3932;3937;0;0;0;0;0;0;0;0;47
$2;2;68000;1;0;-400;23759;7826;-63;419;0;3932;3936;0;0;0;0;0;0;0;0;40
$2;2;69000;1;0;-400;23759;7826;-64;419;0;3931;3936;0;0;0;0;0;0;0;0;45
$2;2;70000;1;0;-400;23759;7825;-65;419;0;3931;3935;0;0;0;0;0;0;0;0;36
$2;2;71000;1;0;-399;23759;7822;-67;419;0;3930;3935;0;0;0;0;0;0;0;0;38
$2;2;72000;1;0;-400;23759;7820;-68;419;0;3930;3934;0;0;0;0;0;0;0;0;46
$2;2;73000;1;0;-400;23758;7819;-69;422;0;3929;3934;0;0;0;0;0;0;0;0;37
$2;2;74000;1;0;-400;23758;7817;-70;422;0;3929;3933;0;0;0;0;0;0;0;0;35
$2;2;75000;1;0;-400;23759;7818;-71;422;0;3928;3933;0;0;0;0;0;0;0;0;44
$2;2;76000;1;0;-400;23758;7819;-72;422;0;3928;3933;0;0;0;0;0;0;0;0;44
$2;2;77000;1;0;-400;23758;7818;-73;422;0;3928;3932;0;0;0;0;0;0;0;0;44
$2;2;78000;1;0;-400;23759;7817;-74;422;0;3927;3932;0;0;0;0;0;0;0;0;37
$2;2;79000;1;0;-400;23759;7817;-75;422;0;3927;3931;0;0;0;0;0;0;0;0;38
$2;2;80000;1;0;-400;23759;7814;-77;422;0;3926;3931;0;0;0;0;0;0;0;0;32
$2;2;81000;1;0;-400;23759;7814;-78;422;0;3926;3930;0;0;0;0;0;0;0;0;47
$2;2;82000;1;0;-400;23759;7812;-79;422;0;3925;3930;0;0;0;0;0;0;0;0;40
$2;2;83000;1;0;-400;23759;7810;-80;422;0;3925;3929;0;0;0;0;0;0;0;0;37
$2;2;84000;1;0;-400;23759;7810;-81;422;0;3924;3929;0;0;0;0;0;0;0;0;34
$2;2;85000;1;0;-400;23758;7810;-82;422;0;3924;3929;0;0;0;0;0;0;0;0;33
$2;2;86000;1;0;-400;23759;7810;-83;422;0;3924;3928;0;0;0;0;0;0;0;0;35
$2;2;87000;1;0;-400;23759;7809;-84;422;0;3923;3928;0;0;0;0;0;0;0;0;42
$2;2;88000;1;0;-400;23759;7806;-85;422;0;3923;3927;0;0;0;0;0;0;0;0;36
$2;2;89000;1;0;-399;23758;7805;-87;419;0;3922;3927;0;0;0;0;0;0;0;0;43
$2;2;90000;1;0;-400;23759;7806;-88;419;0;3922;3926;0;0;0;0;0;0;0;0;40
$2;2;91000;1;0;-400;23759;7805;-89;422;0;3921;3926;0;0;0;0;0;0;0;0;32
$2;2;92000;1;0;-399;23759;7803;-90;422;0;3921;3926;0;0;0;0;0;0;0;0;42
$2;2;93000;1;0;-400;23759;7804;-91;422;0;3921;3925;0;0;0;0;0;0;0;0;41
$2;2;94000;1;0;-400;23759;7802;-92;422;0;3920;3925;0;0;0;0;0;0;0;0;42
$2;2;95000;1;0;-400;23758;7801;-93;422;0;3920;3924;0;0;0;0;0;0;0;0;41
$2;2;96000;1;0;-400;23759;7800;-94;422;0;3919;3924;0;0;0;0;0;0;0;0;39
$2;2;97000;1;0;-399;23758;7798;-95;419;0;3919;3923;0;0;0;0;0;0;0;0;32
$2;2;98000;1;0;-400;23758;7798;-97;419;0;3918;3923;0;0;0;0;0;0;0;0;43
$2;2;99000;1;0;-400;23758;7796;-98;419;0;3918;3923;0;0;0;0;0;0;0;0;43
$2;2;100000;1;0;-400;23758;7797;-99;419;0;3918;3922;0;0;0;0;0;0;0;0;27
$2;2;101000;1;0;-400;23758;7794;-100;419;0;3917;3922;0;0;0;0;0;0;0;0;39
$2;2;102000;1;0;-400;23757;7794;-101;419;0;3917;3922;0;0;0;0;0;0;0;0;42
$2;2;103000;1;0;-400;23757;7794;-102;419;0;3916;3921;0;0;0;0;0;0;0;0;42
$2;2;104000;1;0;-399;23757;7794;-103;419;0;3916;3921;0;0;0;0;0;0;0;0;43
$2;2;105000;1;0;-400;23757;7791;-104;419;0;3916;3920;0;0;0;0;0;0;0;0;46
$2;2;106000;1;0;-400;23758;7791;-105;419;0;3915;3920;0;0;0;0;0;0;0;0;32
$2;2;107000;1;0;-400;23758;7790;-107;419;0;3915;3920;0;0;0;0;0;0;0;0;34
$2;2;108000;1;0;-399;23758;7790;-108;419;0;3915;3919;0;0;0;0;0;0;0;0;47
$2;2;109000;1;0;-400;23757;7788;-109;419;0;3914;3919;0;0;0;0;0;0;0;0;47
$2;2;110000;1;0;-400;23758;7789;-110;419;0;3914;3918;0;0;0;0;0;0;0;0;32
$2;2;111000;1;0;-400;23758;7788;-111;419;0;3913;3918;0;0;0;0;0;0;0;0;38
$2;2;112000;1;0;-400;23758;7786;-112;419;0;3913;3918;0;0;0;0;0;0;0;0;40
$2;2;113000;1;0;-400;23758;7785;-113;419;0;3913;3917;0;0;0;0;0;0;0;0;36
$2;2;114000;1;0;-400;23759;7785;-114;419;0;3912;3917;0;0;0;0;0;0;0;0;36
$2;2;115000;1;0;-399;23758;7785;-115;419;0;3912;3917;0;0;0;0;0;0;0;0;34
$2;2;116000;1;0;-399;23759;7785;-117;419;0;3912;3916;0;0;0;0;0;0;0;0;35
$2;2;117000;1;0;-400;23759;7785;-118;419;0;3911;3916;0;0;0;0;0;0;0;0;41
$2;2;118000;1;0;-400;23759;7784;-119;419;0;3911;3915;0;0;0;0;0;0;0;0;37
$2;2;119000;1;0;-400;23759;7783;-120;419;0;3910;3915;0;0;0;0;0;0;0;0;40
$2;2;120000;1;0;-400;23759;7783;-121;419;0;3910;3915;0;0;0;0;0;0;0;0;35
$2;2;121000;1;0;-400;23759;7780;-122;419;0;3910;3914;0;0;0;0;0;0;0;0;35
$2;2;122000;1;0;-400;23758;7779;-123;419;0;3909;3914;0;0;0;0;0;0;0;0;46
$2;2;123000;1;0;-400;23758;7778;-124;419;0;3909;3914;0;0;0;0;0;0;0;0;41
$2;2;124000;1;0;-399;23759;7778;-125;419;0;3908;3913;0;0;0;0;0;0;0;0;47
$2;2;125000;1;0;-400;23758;7777;-127;419;0;3908;3913;0;0;0;0;0;0;0;0;37
$2;2;126000;1;0;-399;23758;7777;-128;419;0;3908;3913;0;0;0;0;0;0;0;0;46
$2;2;127000;1;0;-399;23758;7775;-129;419;0;3907;3912;0;0;0;0;0;0;0;0;34
$2;2;128000;1;0;-400;23757;7772;-130;419;0;3907;3912;0;0;0;0;0;0;0;0;42
$2;2;129000;1;0;-400;23758;7772;-131;419;0;3907;3911;0;0;0;0;0;0;0;0;38
$2;2;130000;1;0;-400;23758;7772;-132;419;0;3906;3911;0;0;0;0;0;0;0;0;44
$2;2;131000;1;0;-399;23758;7770;-133;419;0;3906;3911;0;0;0;0;0;0;0;0;41
$2;2;132000;1;0;-400;23758;7772;-134;419;0;3906;3910;0;0;0;0;0;0;0;0;41
$2;2;133000;1;0;-400;23759;7772;-135;419;0;3905;3910;0;0;0;0;0;0;0;0;43
$2;2;134000;1;0;-400;23758;7772;-137;419;0;3905;3910;0;0;0;0;0;0;0;0;47
$2;2;135000;1;0;-400;23758;7771;-138;419;0;3904;3909;0;0;0;0;0;0;0;0;43
$2;2;136000;1;0;-400;23758;7771;-139;419;0;3904;3909;0;0;0;0;0;0;0;0;41
$2;2;137000;1;0;-400;23758;7769;-140;419;0;3904;3909;0;0;0;0;0;0;0;0;47
$2;2;138000;1;0;-400;23758;7767;-141;419;0;3903;3908;0;0;0;0;0;0;0;0;41
$2;2;139000;1;0;-400;23758;7766;-142;419;0;3903;3908;0;0;0;0;0;0;0;0;42
$2;2;140000;1;0;-400;23757;7766;-143;419;0;3903;3907;0;0;0;0;0;0;0;0;37
$2;2;141000;1;0;-400;23758;7765;-144;419;0;3902;3907;0;0;0;0;0;0;0;0;46
$2;2;142000;1;0;-400;23758;7764;-145;419;0;3902;3907;0;0;0;0;0;0;0;0;45
$2;2;143000;1;0;-399;23758;7764;-147;419;0;3901;3907;0;0;0;0;0;0;0;0;42
$2;2;144000;1;0;-400;23758;7765;-148;419;0;3901;3906;0;0;0;0;0;0;0;0;37
$2;2;145000;1;0;-400;23759;7763;-149;419;0;3901;3906;0;0;0;0;0;0;0;0;34
$2;2;146000;1;0;-400;23759;7763;-150;419;0;3900;3906;0;0;0;0;0;0;0;0;40
$2;2;147000;1;0;-399;23758;7761;-151;419;0;3900;3905;0;0;0;0;0;0;0;0;47
$2;2;148000;1;0;-400;23758;7759;-152;419;0;3900;3905;0;0;0;0;0;0;0;0;47
$2;2;149000;1;0;-400;23758;7759;-153;419;0;3899;3905;0;0;0;0;0;0;0;0;46
$2;2;150000;1;0;-399;23759;7759;-154;419;0;3899;3904;0;0;0;0;0;0;0;0;38
$2;2;151000;1;0;-400;23758;7759;-155;419;0;3899;3904;0;0;0;0;0;0;0;0;32
$2;2;152000;1;0;-400;23759;7758;-157;419;0;3898;3903;0;0;0;0;0;0;0;0;39
$2;2;153000;1;0;-400;23758;7759;-158;419;0;3898;3903;0;0;0;0;0;0;0;0;41
$2;2;154000;1;0;-400;23759;7756;-159;419;0;3897;3903;0;0;0;0;0;0;0;0;46
$2;2;155000;1;0;-399;23758;7755;-160;419;0;3897;3902;0;0;0;0;0;0;0;0;33
$2;2;156000;1;0;-399;23758;7754;-161;419;0;3897;3902;0;0;0;0;0;0;0;0;34
$2;2;157000;1;0;-400;23758;7754;-162;419;0;3896;3902;0;0;0;0;0;0;0;0;38
$2;2;158000;1;0;-400;23758;7753;-163;419;0;3896;3901;0;0;0;0;0;0;0;0;44
$2;2;159000;1;0;-400;23758;7753;-164;417;0;3896;3901;0;0;0;0;0;0;0;0;36
$2;2;160000;1;0;-400;23758;7753;-165;417;0;3895;3901;0;0;0;0;0;0;0;0;44
$2;2;161000;1;0;-399;23758;7753;-167;417;0;3895;3900;0;0;0;0;0;0;0;0;41
$2;2;162000;1;0;-400;23758;7753;-168;417;0;3895;3900;0;0;0;0;0;0;0;0;34
$2;2;163000;1;0;-400;23759;7751;-169;417;0;3894;3900;0;0;0;0;0;0;0;0;32
$2;2;164000;1;0;-399;23759;7750;-170;417;0;3894;3899;0;0;0;0;0;0;0;0;40
$2;2;165000;1;0;-400;23759;7749;-171;417;0;3894;3899;0;0;0;0;0;0;0;0;39
$2;2;166000;1;0;-400;23759;7746;-172;417;0;3893;3899;0;0;0;0;0;0;0;0;47
$2;2;167000;1;0;-400;23758;7747;-173;417;0;3893;3898;0;0;0;0;0;0;0;0;46
$2;2;168000;1;0;-399;23758;7745;-174;417;0;3893;3898;0;0;0;0;0;0;0;0;35
$2;2;169000;1;0;-400;23758;7746;-175;417;0;3892;3898;0;0;0;0;0;0;0;0;38
$2;2;170000;1;0;-400;23759;7746;-177;417;0;3892;3897;0;0;0;0;0;0;0;0;34
$2;2;171000;1;0;-400;23759;7745;-178;417;0;3892;3897;0;0;0;0;0;0;0;0;47
$2;2;172000;1;0;-399;23758;7746;-179;417;0;3891;3897;0;0;0;0;0;0;0;0;43
$2;2;173000;1;0;-399;23759;7744;-180;417;0;3891;3896;0;0;0;0;0;0;0;0;46
$2;2;174000;1;0;-400;23759;7743;-181;417;0;3891;3896;0;0;0;0;0;0;0;0;40
$2;2;175000;1;0;-400;23758;7742;-182;417;0;3890;3895;0;0;0;0;0;0;0;0;40
$2;2;176000;1;0;-400;23758;7741;-183;417;0;3890;3895;0;0;0;0;0;0;0;0;41
$2;2;177000;1;0;-400;23758;7741;-184;417;0;3889;3895;0;0;0;0;0;0;0;0;39
$2;2;178000;1;0;-400;23759;7740;-185;417;0;3889;3894;0;0;0;0;0;0;0;0;40
$2;2;179000;1;0;-400;23759;7740;-187;417;0;3889;3894;0;0;0;0;0;0;0;0;43
$2;2;180000;1;0;-400;23758;7740;-188;417;0;3888;3894;0;0;0;0;0;0;0;0;34
$2;2;181000;1;0;-399;23759;7739;-189;417;0;3888;3894;0;0;0;0;0;0;0;0;42
$2;2;182000;1;0;-400;23759;7739;-190;417;0;3888;3893;0;0;0;0;0;0;0;0;33
$2;2;183000;1;0;-400;23758;7738;-191;417;0;3887;3893;0;0;0;0;0;0;0;0;46
$2;2;184000;1;0;-400;23759;7737;-192;417;0;3887;3892;0;0;0;0;0;0;0;0;37
$2;2;185000;1;0;-400;23758;7737;-193;417;0;3887;3892;0;0;0;0;0;0;0;0;36
$2;2;186000;1;0;-400;23758;7735;-194;417;0;3886;3892;0;0;0;0;0;0;0;0;35
$2;2;187000;1;0;-400;23759;7734;-195;417;0;3886;3892;0;0;0;0;0;0;0;0;35
$2;2;188000;1;0;-400;23758;7732;-197;417;0;3886;3891;0;0;0;0;0;0;0;0;42
$2;2;189000;1;0;-400;23758;7733;-198;417;0;3885;3891;0;0;0;0;0;0;0;0;38
$2;2;190000;1;0;-399;23757;7732;-199;417;0;3885;3890;0;0;0;0;0;0;0;0;39
$2;2;191000;1;0;-400;23757;7731;-200;417;0;3885;3890;0;0;0;0;0;0;0;0;33
$2;2;192000;1;0;-400;23758;7731;-201;417;0;3884;3890;0;0;0;0;0;0;0;0;45
$2;2;193000;1;0;-400;23758;7730;-202;417;0;3884;3889;0;0;0;0;0;0;0;0;38
$2;2;194000;1;0;-400;23758;7730;-203;417;0;3884;3889;0;0;0;0;0;0;0;0;32
$2;2;195000;1;0;-400;23757;7728;-204;417;0;3883;3889;0;0;0;0;0;0;0;0;39
$2;2;196000;1;0;-399;23757;7726;-205;417;0;3883;3888;0;0;0;0;0;0;0;0;45
$2;2;197000;1;0;-400;23757;7727;-207;417;0;3883;3888;0;0;0;0;0;0;0;0;40
$2;2;198000;1;0;-400;23758;7724;-208;417;0;3882;3888;0;0;0;0;0;0;0;0;37
$2;2;199000;1;0;-400;23758;7724;-209;417;0;3882;3888;0;0;0;0;0;0;0;0;37
$2;2;200000;1;0;-400;23757;7724;-210;417;0;3882;3887;0;0;0;0;0;0;0;0;46
$2;2;201000;1;0;-400;23758;7724;-211;417;0;3882;3887;0;0;0;0;0;0;0;0;33
$2;2;202000;1;0;-400;23758;7724;-212;417;0;3881;3887;0;0;0;0;0;0;0;0;34
$2;2;203000;1;0;-400;23758;7723;-213;417;0;3881;3886;0;0;0;0;0;0;0;0;36
$2;2;204000;1;0;-400;23757;7721;-214;417;0;3881;3886;0;0;0;0;0;0;0;0;41
$2;2;205000;1;0;-400;23758;7720;-215;417;0;3880;3886;0;0;0;0;0;0;0;0;38
$2;2;206000;1;0;-400;23758;7721;-217;417;0;3880;3885;0;0;0;0;0;0;0;0;37
$2;2;207000;1;0;-400;23757;7721;-218;417;0;3880;3885;0;0;0;0;0;0;0;0;36
$2;2;208000;1;0;-400;23757;7721;-219;417;0;3879;3885;0;0;0;0;0;0;0;0;44
$2;2;209000;1;0;-400;23757;7719;-220;417;0;3879;3884;0;0;0;0;0;0;0;0;45
$2;2;210000;1;0;-400;23757;7716;-221;417;0;3879;3884;0;0;0;0;0;0;0;0;43
$2;2;211000;1;0;-400;23757;7716;-222;415;0;3878;3884;0;0;0;0;0;0;0;0;42
$2;2;212000;1;0;-400;23757;7715;-223;415;0;3878;3883;0;0;0;0;0;0;0;0;44
$2;2;213000;1;0;-400;23758;7717;-224;415;0;3878;3883;0;0;0;0;0;0;0;0;39
$2;2;214000;1;0;-400;23757;7715;-225;415;0;3877;3883;0;0;0;0;0;0;0;0;35
$2;2;215000;1;0;-400;23757;7715;-227;415;0;3877;3882;0;0;0;0;0;0;0;0;33
$2;2;216000;1;0;-400;23758;7714;-228;415;0;3877;3882;0;0;0;0;0;0;0;0;35
$2;2;217000;1;0;-399;23758;7715;-229;415;0;3876;3882;0;0;0;0;0;0;0;0;36
$2;2;218000;1;0;-400;23757;7713;-230;415;0;3876;3882;0;0;0;0;0;0;0;0;45
$2;2;219000;1;0;-399;23758;7714;-231;415;0;3876;3881;0;0;0;0;0;0;0;0;33
$2;2;220000;1;0;-400;23758;7712;-232;415;0;3875;3881;0;0;0;0;0;0;0;0;42
$2;2;221000;1;0;-400;23758;7711;-233;415;0;3875;3881;0;0;0;0;0;0;0;0;41
$2;2;222000;1;0;-399;23758;7711;-234;415;0;3875;3880;0;0;0;0;0;0;0;0;43
$2;2;223000;1;0;-400;23759;7711;-235;415;0;3874;3880;0;0;0;0;0;0;0;0;44
$2;2;224000;1;0;-400;23759;7710;-237;415;0;3874;3880;0;0;0;0;0;0;0;0;40
$2;2;225000;1;0;-400;23758;7709;-238;415;0;3874;3879;0;0;0;0;0;0;0;0;41
$2;2;226000;1;0;-399;23757;7709;-239;415;0;3873;3879;0;0;0;0;0;0;0;0;36
$2;2;227000;1;0;-400;23757;7708;-240;415;0;3873;3879;0;0;0;0;0;0;0;0;45
$2;2;228000;1;0;-400;23758;7705;-241;415;0;3873;3878;0;0;0;0;0;0;0;0;32
$2;2;229000;1;0;-400;23758;7707;-242;415;0;3872;3878;0;0;0;0;0;0;0;0;33
$2;2;230000;1;0;-400;23757;7707;-243;415;0;3872;3878;0;0;0;0;0;0;0;0;39
$2;2;231000;1;0;-400;23757;7707;-244;415;0;3872;3877;0;0;0;0;0;0;0;0;46
$2;2;232000;1;0;-400;23758;7705;-245;415;0;3871;3877;0;0;0;0;0;0;0;0;34
$2;2;233000;1;0;-400;23757;7704;-247;415;0;3871;3877;0;0;0;0;0;0;0;0;47
$2;2;234000;1;0;-400;23758;7702;-248;415;0;3871;3876;0;0;0;0;0;0;0;0;47
$2;2;235000;1;0;-400;23758;7702;-249;415;0;3871;3876;0;0;0;0;0;0;0;0;47
$2;2;236000;1;0;-400;23758;7704;-250;415;0;3870;3876;0;0;0;0;0;0;0;0;35
$2;2;237000;1;0;-400;23758;7703;-251;415;0;3870;3876;0;0;0;0;0;0;0;0;36
$2;2;238000;1;0;-400;23758;7703;-252;415;0;3870;3875;0;0;0;0;0;0;0;0;43
$2;2;239000;1;0;-400;23758;7702;-253;415;0;3869;3875;0;0;0;0;0;0;0;0;34
$2;2;240000;1;0;-400;23758;7700;-254;415;0;3869;3875;0;0;0;0;0;0;0;0;41
$2;2;241000;1;0;-400;23758;7701;-255;415;0;3869;3874;0;0;0;0;0;0;0;0;41
$2;2;242000;1;0;-400;23758;7698;-257;415;0;3868;3874;0;0;0;0;0;0;0;0;40
$2;2;243000;1;0;-399;23758;7697;-258;415;0;3868;3874;0;0;0;0;0;0;0;0;46
$2;2;244000;1;0;-400;23757;7696;-259;415;0;3868;3873;0;0;0;0;0;0;0;0;38
$2;2;245000;1;0;-400;23757;7697;-260;415;0;3867;3873;0;0;0;0;0;0;0;0;35
$2;2;246000;1;0;-399;23757;7699;-261;415;0;3867;3873;0;0;0;0;0;0;0;0;40
$2;2;247000;1;0;-399;23757;7695;-262;415;0;3867;3872;0;0;0;0;0;0;0;0;39
$2;2;248000;1;0;-400;23758;7694;-263;415;0;3866;3872;0;0;0;0;0;0;0;0;33
$2;2;249000;1;0;-400;23757;7694;-264;415;0;3866;3872;0;0;0;0;0;0;0;0;40
$2;2;250000;1;0;-400;23757;7692;-265;415;0;3866;3871;0;0;0;0;0;0;0;0;36
$2;2;251000;1;0;-400;23756;7691;-267;415;0;3865;3871;0;0;0;0;0;0;0;0;38
$2;2;252000;1;0;-400;23757;7692;-268;415;0;3865;3871;0;0;0;0;0;0;0;0;40
$2;2;253000;1;0;-400;23757;7692;-269;415;0;3865;3870;0;0;0;0;0;0;0;0;41
$2;2;254000;1;0;-400;23757;7692;-270;415;0;3864;3870;0;0;0;0;0;0;0;0;39
$2;2;255000;1;0;-399;23757;7692;-271;415;0;3864;3870;0;0;0;0;0;0;0;0;32
$2;2;256000;1;0;-400;23757;7691;-272;415;0;3864;3870;0;0;0;0;0;0;0;0;36
$2;2;257000;1;0;-400;23758;7690;-273;415;0;3864;3869;0;0;0;0;0;0;0;0;34
$2;2;258000;1;0;-400;23758;7691;-274;415;0;3863;3869;0;0;0;0;0;0;0;0;44
$2;2;259000;1;0;-400;23757;7689;-275;415;0;3863;3869;0;0;0;0;0;0;0;0;42
$2;2;260000;1;0;-400;23757;7687;-277;415;0;3863;3868;0;0;0;0;0;0;0;0;45
$2;2;261000;1;0;-400;23757;7686;-278;415;0;3862;3868;0;0;0;0;0;0;0;0;35
$2;2;262000;1;0;-400;23757;7686;-279;415;0;3862;3868;0;0;0;0;0;0;0;0;33
$2;2;263000;1;0;-399;23757;7685;-280;415;0;3862;3867;0;0;0;0;0;0;0;0;45
$2;2;264000;1;0;-400;23756;7684;-281;415;0;3861;3867;0;0;0;0;0;0;0;0;47
$2;2;265000;1;0;-400;23757;7684;-282;415;0;3861;3867;0;0;0;0;0;0;0;0;44
$2;2;266000;1;0;-400;23757;7684;-283;412;0;3861;3866;0;0;0;0;0;0;0;0;40
$2;2;267000;1;0;-400;23757;7684;-284;412;0;3861;3866;0;0;0;0;0;0;0;0;46
$2;2;268000;1;0;-400;23757;7683;-285;412;0;3860;3866;0;0;0;0;0;0;0;0;38
$2;2;269000;1;0;-400;23757;7681;-287;412;0;3860;3865;0;0;0;0;0;0;0;0;36
$2;2;270000;1;0;-400;23757;7679;-288;412;0;3860;3865;0;0;0;0;0;0;0;0;36
$2;2;271000;1;0;-399;23758;7679;-289;412;0;3859;3865;0;0;0;0;0;0;0;0;38
$2;2;272000;1;0;-400;23757;7679;-290;412;0;3859;3864;0;0;0;0;0;0;0;0;36
$2;2;273000;1;0;-399;23756;7678;-291;415;0;3859;3864;0;0;0;0;0;0;0;0;36
$2;2;274000;1;0;-400;23756;7677;-292;415;0;3858;3864;0;0;0;0;0;0;0;0;41
$2;2;275000;1;0;-400;23757;7677;-293;415;0;3858;3864;0;0;0;0;0;0;0;0;40
$2;2;276000;1;0;-400;23757;7678;-294;415;0;3858;3863;0;0;0;0;0;0;0;0;36
$2;2;277000;1;0;-400;23757;7678;-295;415;0;3857;3863;0;0;0;0;0;0;0;0;43
$2;2;278000;1;0;-400;23756;7676;-297;412;0;3857;3863;0;0;0;0;0;0;0;0;46
$2;2;279000;1;0;-400;23756;7674;-298;412;0;3857;3862;0;0;0;0;0;0;0;0;35
$2;2;280000;1;0;-400;23756;7674;-299;412;0;3856;3862;0;0;0;0;0;0;0;0;37
$2;2;281000;1;0;-400;23756;7673;-300;412;0;3856;3862;0;0;0;0;0;0;0;0;34
$2;2;282000;1;0;-400;23756;7673;-301;412;0;3856;3861;0;0;0;0;0;0;0;0;35
$2;2;283000;1;0;-400;23756;7672;-302;412;0;3856;3861;0;0;0;0;0;0;0;0;32
$2;2;284000;1;0;-400;23756;7673;-303;412;0;3855;3861;0;0;0;0;0;0;0;0;36
$2;2;285000;1;0;-400;23757;7672;-304;412;0;3855;3861;0;0;0;0;0;0;0;0;34
$2;2;286000;1;0;-400;23756;7671;-305;412;0;3855;3860;0;0;0;0;0;0;0;0;35
$2;2;287000;1;0;-400;23756;7670;-307;412;0;3854;3860;0;0;0;0;0;0;0;0;32
$2;2;288000;1;0;-400;23756;7670;-308;412;0;3854;3860;0;0;0;0;0;0;0;0;32
$2;2;289000;1;0;-400;23757;7670;-309;412;0;3854;3859;0;0;0;0;0;0;0;0;43
$2;2;290000;1;0;-400;23756;7669;-310;412;0;3853;3859;0;0;0;0;0;0;0;0;37
$2;2;291000;1;0;-400;23757;7667;-311;412;0;3853;3859;0;0;0;0;0;0;0;0;42
$2;2;292000;1;0;-400;23757;7668;-312;412;0;3853;3859;0;0;0;0;0;0;0;0;37
$2;2;293000;1;0;-400;23757;7667;-313;412;0;3852;3858;0;0;0;0;0;0;0;0;42
$2;2;294000;1;0;-400;23758;7665;-314;412;0;3852;3858;0;0;0;0;0;0;0;0;39
$2;2;295000;1;0;-400;23757;7667;-315;412;0;3852;3858;0;0;0;0;0;0;0;0;42
$2;2;296000;1;0;-400;23757;7665;-317;412;0;3852;3857;0;0;0;0;0;0;0;0;38
$2;2;297000;1;0;-400;23757;7664;-318;412;0;3851;3857;0;0;0;0;0;0;0;0;42
$2;2;298000;1;0;-400;23757;7665;-319;412;0;3851;3857;0;0;0;0;0;0;0;0;37
$2;2;299000;1;0;-400;23757;7663;-320;412;0;3851;3856;0;0;0;0;0;0;0;0;41
$2;2;300000;1;0;-400;23756;7663;-321;412;0;3850;3856;0;0;0;0;0;0;0;0;41
$2;2;301000;1;0;-400;23756;7662;-322;412;0;3850;3856;0;0;0;0;0;0;0;0;42
$2;2;302000;1;0;-400;23757;7660;-323;412;0;3850;3855;0;0;0;0;0;0;0;0;40
$2;2;303000;1;0;-400;23756;7658;-324;412;0;3849;3855;0;0;0;0;0;0;0;0;44
$2;2;304000;1;0;-400;23756;7659;-325;412;0;3849;3855;0;0;0;0;0;0;0;0;43
$2;2;305000;1;0;-400;23756;7658;-327;412;0;3849;3855;0;0;0;0;0;0;0;0;41
$2;2;306000;1;0;-399;23756;7658;-328;412;0;3849;3854;0;0;0;0;0;0;0;0;35
$2;2;307000;1;0;-400;23756;7657;-329;412;0;3848;3854;0;0;0;0;0;0;0;0;42
$2;2;308000;1;0;-400;23757;7657;-330;412;0;3848;3854;0;0;0;0;0;0;0;0;44
$2;2;309000;1;0;-399;23756;7656;-331;412;0;3848;3853;0;0;0;0;0;0;0;0;44
$2;2;310000;1;0;-400;23756;7656;-332;412;0;3847;3853;0;0;0;0;0;0;0;0;47
$2;2;311000;1;0;-400;23757;7656;-333;412;0;3847;3853;0;0;0;0;0;0;0;0;46
$2;2;312000;1;0;-400;23757;7655;-334;412;0;3847;3853;0;0;0;0;0;0;0;0;41
$2;2;313000;1;0;-400;23757;7655;-335;412;0;3846;3852;0;0;0;0;0;0;0;0;41
$2;2;314000;1;0;-399;23756;7657;-337;412;0;3846;3852;0;0;0;0;0;0;0;0;40
$2;2;315000;1;0;-400;23757;7654;-338;412;0;3846;3852;0;0;0;0;0;0;0;0;35
$2;2;316000;1;0;-400;23756;7654;-339;412;0;3846;3851;0;0;0;0;0;0;0;0;35
$2;2;317000;1;0;-400;23757;7651;-340;412;0;3845;3851;0;0;0;0;0;0;0;0;43
$2;2;318000;1;0;-400;23757;7651;-341;412;0;3845;3851;0;0;0;0;0;0;0;0;37
$2;2;319000;1;0;-400;23756;7651;-342;412;0;3845;3850;0;0;0;0;0;0;0;0;39
$2;2;320000;1;0;-400;23755;7649;-343;412;0;3844;3850;0;0;0;0;0;0;0;0;39
$2;2;321000;1;0;-400;23756;7649;-344;412;0;3844;3850;0;0;0;0;0;0;0;0;34
$2;2;322000;1;0;-400;23756;7647;-345;412;0;3844;3849;0;0;0;0;0;0;0;0;38
$2;2;323000;1;0;-400;23756;7647;-347;412;0;3844;3849;0;0;0;0;0;0;0;0;37
$2;2;324000;1;0;-400;23756;7649;-348;412;0;3843;3849;0;0;0;0;0;0;0;0;36
$2;2;325000;1;0;-400;23756;7647;-349;412;0;3843;3849;0;0;0;0;0;0;0;0;42
$2;2;326000;1;0;-400;23756;7647;-350;412;0;3843;3848;0;0;0;0;0;0;0;0;32
$2;2;327000;1;0;-399;23757;7646;-351;412;0;3843;3848;0;0;0;0;0;0;0;0;39
$2;2;328000;1;0;-399;23758;7644;-352;412;0;3842;3848;0;0;0;0;0;0;0;0;39
$2;2;329000;1;0;-400;23757;7645;-353;412;0;3842;3848;0;0;0;0;0;0;0;0;46
$2;2;330000;1;0;-400;23758;7644;-354;412;0;3842;3847;0;0;0;0;0;0;0;0;32
$2;2;331000;1;0;-400;23758;7644;-355;412;0;3841;3847;0;0;0;0;0;0;0;0;35
$2;2;332000;1;0;-400;23757;7644;-357;412;0;3841;3847;0;0;0;0;0;0;0;0;45
$2;2;333000;1;0;-400;23758;7644;-358;412;0;3841;3846;0;0;0;0;0;0;0;0;45
$2;2;334000;1;0;-400;23757;7641;-359;412;0;3841;3846;0;0;0;0;0;0;0;0;33
$2;2;335000;1;0;-400;23757;7642;-360;412;0;3840;3846;0;0;0;0;0;0;0;0;40
$2;2;336000;1;0;-400;23758;7640;-361;412;0;3840;3846;0;0;0;0;0;0;0;0;39
$2;2;337000;1;0;-400;23757;7641;-362;412;0;3840;3845;0;0;0;0;0;0;0;0;40
$2;2;338000;1;0;-399;23757;7638;-363;412;0;3839;3845;0;0;0;0;0;0;0;0;33
$2;2;339000;1;0;-400;23757;7639;-364;412;0;3839;3845;0;0;0;0;0;0;0;0;33
$2;2;340000;1;0;-400;23757;7638;-365;412;0;3839;3844;0;0;0;0;0;0;0;0;46
$2;2;341000;1;0;-400;23757;7639;-367;412;0;3839;3844;0;0;0;0;0;0;0;0;44
$2;2;342000;1;0;-399;23757;7638;-368;412;0;3838;3844;0;0;0;0;0;0;0;0;39
$2;2;343000;1;0;-400;23757;7637;-369;410;0;3838;3844;0;0;0;0;0;0;0;0;45
$2;2;344000;1;0;-400;23756;7635;-370;410;0;3838;3843;0;0;0;0;0;0;0;0;38
$2;2;345000;1;0;-400;23757;7637;-371;410;0;3837;3843;0;0;0;0;0;0;0;0;42
$2;2;346000;1;0;-400;23757;7637;-372;412;0;3837;3843;0;0;0;0;0;0;0;0;40
$2;2;347000;1;0;-400;23756;7636;-373;412;0;3837;3842;0;0;0;0;0;0;0;0;41
$2;2;348000;1;0;-400;23757;7635;-374;412;0;3837;3842;0;0;0;0;0;0;0;0;35
$2;2;349000;1;0;-400;23757;7635;-375;412;0;3836;3842;0;0;0;0;0;0;0;0;34
$2;2;350000;1;0;-399;23756;7634;-377;412;0;3836;3842;0;0;0;0;0;0;0;0;47
$2;2;351000;1;0;-400;23757;7633;-378;412;0;3836;3841;0;0;0;0;0;0;0;0;35
$2;2;352000;1;0;-400;23757;7631;-379;412;0;3835;3841;0;0;0;0;0;0;0;0;32
$2;2;353000;1;0;-400;23757;7631;-380;412;0;3835;3841;0;0;0;0;0;0;0;0;39
$2;2;354000;1;0;-400;23757;7630;-381;412;0;3835;3840;0;0;0;0;0;0;0;0;33
$2;2;355000;1;0;-400;23756;7628;-382;412;0;3835;3840;0;0;0;0;0;0;0;0;43
$2;2;356000;1;0;-400;23756;7628;-383;412;0;3834;3840;0;0;0;0;0;0;0;0;40
$2;2;357000;1;0;-400;23755;7628;-384;412;0;3834;3839;0;0;0;0;0;0;0;0;35
$2;2;358000;1;0;-400;23756;7628;-385;412;0;3834;3839;0;0;0;0;0;0;0;0;46
$2;2;359000;1;0;-400;23756;7629;-387;410;0;3833;3839;0;0;0;0;0;0;0;0;41
$2;2;360000;1;0;-400;23756;7627;-388;410;0;3833;3839;0;0;0;0;0;0;0;0;34
$2;2;361000;1;0;-400;23757;7628;-389;410;0;3833;3838;0;0;0;0;0;0;0;0;45
$2;2;362000;1;0;-400;23756;7626;-390;410;0;3832;3838;0;0;0;0;0;0;0;0;40
$2;2;363000;1;0;-400;23756;7625;-391;410;0;3832;3838;0;0;0;0;0;0;0;0;43
$2;2;364000;1;0;-400;23757;7625;-392;410;0;3832;3838;0;0;0;0;0;0;0;0;46
$2;2;365000;1;0;-399;23757;7626;-393;410;0;3832;3837;0;0;0;0;0;0;0;0;37
$2;2;366000;1;0;-399;23757;7623;-394;410;0;3831;3837;0;0;0;0;0;0;0;0;39
$2;2;367000;1;0;-400;23757;7624;-395;410;0;3831;3837;0;0;0;0;0;0;0;0;39
$2;2;368000;1;0;-400;23757;7623;-397;410;0;3831;3836;0;0;0;0;0;0;0;0;44
$2;2;369000;1;0;-400;23757;7623;-398;410;0;3831;3836;0;0;0;0;0;0;0;0;34
$2;2;370000;1;0;-400;23757;7622;-399;410;0;3830;3836;0;0;0;0;0;0;0;0;43
$2;2;371000;1;0;-400;23756;7620;-400;410;0;3830;3836;0;0;0;0;0;0;0;0;46
$2;2;372000;1;0;-399;23757;7619;-401;410;0;3830;3835;0;0;0;0;0;0;0;0;35
$2;2;373000;1;0;-399;23756;7621;-402;410;0;3830;3835;0;0;0;0;0;0;0;0;43
$2;2;374000;1;0;-400;23756;7619;-403;410;0;3829;3835;0;0;0;0;0;0;0;0;41
$2;2;375000;1;0;-400;23756;7622;-404;410;0;3829;3834;0;0;0;0;0;0;0;0;38
$2;2;376000;1;0;-400;23757;7620;-405;410;0;3829;3834;0;0;0;0;0;0;0;0;39
$2;2;377000;1;0;-400;23757;7619;-407;410;0;3829;3834;0;0;0;0;0;0;0;0;46
$2;2;378000;1;0;-400;23757;7617;-408;410;0;3828;3834;0;0;0;0;0;0;0;0;33
$2;2;379000;1;0;-400;23757;7616;-409;410;0;3828;3833;0;0;0;0;0;0;0;0;39
$2;2;380000;1;0;-400;23757;7617;-410;410;0;3828;3833;0;0;0;0;0;0;0;0;40
$2;2;381000;1;0;-399;23756;7616;-411;410;0;3827;3833;0;0;0;0;0;0;0;0;32
$2;2;382000;1;0;-400;23756;7615;-412;410;0;3827;3833;0;0;0;0;0;0;0;0;36
$2;2;383000;1;0;-400;23757;7616;-413;410;0;3827;3832;0;0;0;0;0;0;0;0;39
$2;2;384000;1;0;-400;23757;7615;-414;410;0;3827;3832;0;0;0;0;0;0;0;0;36
$2;2;385000;1;0;-399;23757;7614;-415;410;0;3826;3832;0;0;0;0;0;0;0;0;35
$2;2;386000;1;0;-400;23757;7615;-417;410;0;3826;3832;0;0;0;0;0;0;0;0;36
$2;2;387000;1;0;-400;23757;7614;-418;410;0;3826;3831;0;0;0;0;0;0;0;0;40
$2;2;388000;1;0;-400;23757;7613;-419;410;0;3825;3831;0;0;0;0;0;0;0;0;34
$2;2;389000;1;0;-400;23757;7611;-420;410;0;3825;3831;0;0;0;0;0;0;0;0;43
$2;2;390000;1;0;-400;23757;7610;-421;410;0;3825;3830;0;0;0;0;0;0;0;0;34
$2;2;391000;1;0;-400;23756;7609;-422;410;0;3825;3830;0;0;0;0;0;0;0;0;41
$2;2;392000;1;0;-400;23756;7609;-423;410;0;3824;3830;0;0;0;0;0;0;0;0;42
$2;2;393000;1;0;-400;23756;7610;-424;410;0;3824;3830;0;0;0;0;0;0;0;0;36
$2;2;394000;1;0;-400;23756;7609;-425;410;0;3824;3829;0;0;0;0;0;0;0;0;34
$2;2;395000;1;0;-400;23756;7609;-427;410;0;3823;3829;0;0;0;0;0;0;0;0;38
$2;2;396000;1;0;-400;23756;7609;-428;410;0;3823;3829;0;0;0;0;0;0;0;0;42
$2;2;397000;1;0;-400;23755;7608;-429;410;0;3823;3828;0;0;0;0;0;0;0;0;41
$2;2;398000;1;0;-399;23756;7605;-430;410;0;3823;3828;0;0;0;0;0;0;0;0;39
$2;2;399000;1;0;-400;23756;7605;-431;410;0;3822;3828;0;0;0;0;0;0;0;0;33
$2;2;400000;1;0;-400;23756;7603;-432;410;0;3822;3828;0;0;0;0;0;0;0;0;35
$2;2;401000;1;0;-400;23756;7604;-433;410;0;3822;3827;0;0;0;0;0;0;0;0;43
$2;2;402000;1;0;-400;23756;7604;-434;410;0;3822;3827;0;0;0;0;0;0;0;0;47
$2;2;403000;1;0;-400;23756;7601;-435;410;0;3821;3827;0;0;0;0;0;0;0;0;41
$2;2;404000;1;0;-400;23757;7605;-437;410;0;3821;3827;0;0;0;0;0;0;0;0;41
$2;2;405000;1;0;-399;23757;7603;-438;410;0;3821;3826;0;0;0;0;0;0;0;0;39
$2;2;406000;1;0;-400;23756;7602;-439;410;0;3821;3826;0;0;0;0;0;0;0;0;34
$2;2;407000;1;0;-400;23757;7602;-440;410;0;3820;3826;0;0;0;0;0;0;0;0;45
$2;2;408000;1;0;-400;23757;7600;-441;410;0;3820;3826;0;0;0;0;0;0;0;0;33
$2;2;409000;1;0;-399;23757;7601;-442;410;0;3820;3825;0;0;0;0;0;0;0;0;38
$2;2;410000;1;0;-399;23756;7600;-443;410;0;3819;3825;0;0;0;0;0;0;0;0;37
$2;2;411000;1;0;-400;23757;7599;-444;410;0;3819;3825;0;0;0;0;0;0;0;0;38
$2;2;412000;1;0;-400;23757;7598;-445;410;0;3819;3824;0;0;0;0;0;0;0;0;36
$2;2;413000;1;0;-400;23756;7597;-447;410;0;3819;3824;0;0;0;0;0;0;0;0;41
$2;2;414000;1;0;-400;23756;7597;-448;410;0;3818;3824;0;0;0;0;0;0;0;0;32
$2;2;415000;1;0;-400;23756;7596;-449;410;0;3818;3824;0;0;0;0;0;0;0;0;33
$2;2;416000;1;0;-400;23756;7597;-450;410;0;3818;3823;0;0;0;0;0;0;0;0;44
$2;2;417000;1;0;-400;23756;7596;-451;410;0;3818;3823;0;0;0;0;0;0;0;0;45
$2;2;418000;1;0;-400;23756;7596;-452;410;0;3817;3823;0;0;0;0;0;0;0;0;46
$2;2;419000;1;0;-400;23756;7596;-453;408;0;3817;3823;0;0;0;0;0;0;0;0;39
$2;2;420000;1;0;-400;23756;7596;-454;408;0;3817;3822;0;0;0;0;0;0;0;0;43
$2;2;421000;1;0;-396;23756;7596;-455;408;0;3817;3823;0;0;0;0;0;0;0;0;34
$2;2;422000;1;0;-371;23756;7606;-456;408;0;3820;3825;0;0;0;0;0;0;0;0;35
$2;2;423000;1;0;-337;23756;7618;-457;408;0;3823;3828;0;0;0;0;0;0;0;0;32
$2;2;424000;1;0;-308;23756;7625;-458;408;0;3826;3830;0;0;0;0;0;0;0;0;38
$2;2;425000;1;0;-291;23756;7627;-459;408;0;3827;3832;0;0;0;0;0;0;0;0;38
$2;2;426000;1;0;-283;23756;7628;-460;408;0;3827;3832;0;0;0;0;0;0;0;0;35
$2;2;427000;1;0;-282;23756;7628;-460;408;0;3827;3832;0;0;0;0;0;0;0;0;35
$2;2;428000;1;0;-286;23756;7625;-461;408;0;3827;3831;0;0;0;0;0;0;0;0;39
$2;2;429000;1;0;-294;23756;7624;-462;408;0;3826;3831;0;0;0;0;0;0;0;0;38
$2;2;430000;1;0;-319;23756;7613;-463;408;0;3823;3828;0;0;0;0;0;0;0;0;34
$2;2;431000;1;0;-353;23756;7601;-464;408;0;3819;3825;0;0;0;0;0;0;0;0;45
$2;2;432000;1;0;-372;23756;7599;-465;408;0;3818;3823;0;0;0;0;0;0;0;0;41
$2;2;433000;1;0;-373;23756;7599;-466;408;0;3818;3823;0;0;0;0;0;0;0;0;42
$2;2;434000;1;0;-354;23755;7608;-467;408;0;3820;3825;0;0;0;0;0;0;0;0;44
$2;2;435000;1;0;-325;23755;7617;-468;408;0;3823;3828;0;0;0;0;0;0;0;0;36
$2;2;436000;1;0;-306;23756;7623;-469;408;0;3825;3829;0;0;0;0;0;0;0;0;36
$2;2;437000;1;0;-293;23756;7625;-469;408;0;3825;3830;0;0;0;0;0;0;0;0;38
$2;2;438000;1;0;-290;23756;7625;-470;408;0;3825;3830;0;0;0;0;0;0;0;0;34
$2;2;439000;1;0;-292;23756;7624;-471;408;0;3825;3830;0;0;0;0;0;0;0;0;33
$2;2;440000;1;0;-299;23755;7619;-472;408;0;3824;3829;0;0;0;0;0;0;0;0;35
$2;2;441000;1;0;-311;23755;7614;-473;408;0;3823;3827;0;0;0;0;0;0;0;0;38
$2;2;442000;1;0;-338;23756;7604;-474;408;0;3820;3825;0;0;0;0;0;0;0;0;42
$2;2;443000;1;0;-359;23755;7599;-475;408;0;3817;3823;0;0;0;0;0;0;0;0;43
$2;2;444000;1;0;-348;23756;7605;-476;408;0;3819;3824;0;0;0;0;0;0;0;0;35
$2;2;445000;1;0;-313;23756;7617;-477;408;0;3823;3828;0;0;0;0;0;0;0;0;43
$2;2;446000;1;0;-297;23757;7622;-477;408;0;3825;3829;0;0;0;0;0;0;0;0;37
$2;2;447000;1;0;-252;23757;7635;-478;408;0;3829;3833;0;0;0;0;0;0;0;0;35
$2;2;448000;1;0;-222;23757;7644;-478;408;0;3831;3836;0;0;0;0;0;0;0;0;33
$2;2;449000;1;0;-200;23757;7648;-479;408;0;3833;3837;0;0;0;0;0;0;0;0;46
$2;2;450000;1;0;-186;23756;7651;-479;408;0;3834;3838;0;0;0;0;0;0;0;0;42
$2;2;451000;1;0;-183;23756;7651;-480;408;0;3835;3839;0;0;0;0;0;0;0;0;40
$2;2;452000;1;0;-184;23756;7650;-480;408;0;3834;3838;0;0;0;0;0;0;0;0;45
$2;2;453000;1;0;-189;23756;7648;-481;405;0;3834;3838;0;0;0;0;0;0;0;0;36
$2;2;454000;1;0;-202;23756;7644;-481;405;0;3833;3837;0;0;0;0;0;0;0;0;39
$2;2;455000;1;0;-232;23757;7635;-482;405;0;3830;3834;0;0;0;0;0;0;0;0;33
$2;2;456000;1;0;-268;23756;7623;-483;405;0;3826;3831;0;0;0;0;0;0;0;0;40
$2;2;457000;1;0;-317;23757;7609;-484;405;0;3821;3826;0;0;0;0;0;0;0;0;47
$2;2;458000;1;0;-353;23756;7599;-485;405;0;3818;3823;0;0;0;0;0;0;0;0;37
$2;2;459000;1;0;-356;23756;7600;-486;405;0;3818;3823;0;0;0;0;0;0;0;0;33
$2;2;460000;1;0;-331;23756;7611;-487;405;0;3821;3826;0;0;0;0;0;0;0;0;36
$2;2;461000;1;0;-295;23756;7623;-488;405;0;3825;3829;0;0;0;0;0;0;0;0;47
$2;2;462000;1;0;-253;23756;7635;-488;405;0;3828;3833;0;0;0;0;0;0;0;0;39
$2;2;463000;1;0;-215;23756;7644;-489;405;0;3832;3836;0;0;0;0;0;0;0;0;45
$2;2;464000;1;0;-190;23757;7649;-489;405;0;3834;3837;0;0;0;0;0;0;0;0;47
$2;2;465000;1;0;-173;23757;7653;-490;405;0;3835;3839;0;0;0;0;0;0;0;0;47
$2;2;466000;1;0;-167;23757;7653;-490;405;0;3835;3839;0;0;0;0;0;0;0;0;41
$2;2;467000;1;0;-167;23757;7652;-491;405;0;3835;3839;0;0;0;0;0;0;0;0;40
$2;2;468000;1;0;-171;23757;7651;-491;405;0;3835;3839;0;0;0;0;0;0;0;0;35
$2;2;469000;1;0;-180;23757;7649;-492;405;0;3834;3838;0;0;0;0;0;0;0;0;38
$2;2;470000;1;0;-206;23756;7641;-492;405;0;3831;3835;0;0;0;0;0;0;0;0;34
$2;2;471000;1;0;-238;23756;7630;-493;405;0;3828;3832;0;0;0;0;0;0;0;0;38
$2;2;472000;1;0;-278;23757;7618;-494;405;0;3824;3829;0;0;0;0;0;0;0;0;43
$2;2;473000;1;0;-327;23756;7603;-495;405;0;3819;3824;0;0;0;0;0;0;0;0;40
$2;2;474000;1;0;-349;23757;7598;-496;403;0;3817;3822;0;0;0;0;0;0;0;0;42
$2;2;475000;1;0;-340;23756;7605;-497;403;0;3819;3823;0;0;0;0;0;0;0;0;42
$2;2;476000;1;0;-307;23756;7617;-498;403;0;3822;3827;0;0;0;0;0;0;0;0;42
$2;2;477000;1;0;-268;23756;7629;-498;403;0;3826;3830;0;0;0;0;0;0;0;0;44
$2;2;478000;1;0;-219;23756;7641;-499;403;0;3830;3834;0;0;0;0;0;0;0;0;41
$2;2;479000;1;0;-183;23755;7651;-499;403;0;3833;3837;0;0;0;0;0;0;0;0;42
$2;2;480000;1;0;-156;23756;7655;-500;403;0;3835;3839;0;0;0;0;0;0;0;0;42
$2;2;481000;1;0;-137;23756;7660;-500;403;0;3837;3841;0;0;0;0;0;0;0;0;39
$2;2;482000;1;0;-128;23756;7660;-500;403;0;3838;3841;0;0;0;0;0;0;0;0;37
$2;2;483000;1;0;-125;23756;7660;-500;403;0;3838;3841;0;0;0;0;0;0;0;0;41
$2;2;484000;1;0;-127;23756;7660;-501;403;0;3838;3841;0;0;0;0;0;0;0;0;45
$2;2;485000;1;0;-133;23757;7659;-501;403;0;3837;3841;0;0;0;0;0;0;0;0;45
$2;2;486000;1;0;-152;23756;7653;-502;403;0;3836;3839;0;0;0;0;0;0;0;0;47
$2;2;487000;1;0;-179;23756;7645;-502;403;0;3833;3837;0;0;0;0;0;0;0;0;43
$2;2;488000;1;0;-213;23757;7636;-503;403;0;3830;3834;0;0;0;0;0;0;0;0;47
$2;2;489000;1;0;-260;23756;7622;-504;403;0;3825;3830;0;0;0;0;0;0;0;0;41
$2;2;490000;1;0;-303;23756;7607;-505;403;0;3821;3825;0;0;0;0;0;0;0;0;35
$2;2;491000;1;0;-328;23756;7603;-506;401;0;3819;3823;0;0;0;0;0;0;0;0;35
$2;2;492000;1;0;-319;23756;7609;-507;401;0;3820;3825;0;0;0;0;0;0;0;0;37
$2;2;493000;1;0;-291;23756;7620;-508;401;0;3823;3827;0;0;0;0;0;0;0;0;32
$2;2;494000;1;0;-248;23756;7633;-508;401;0;3827;3831;0;0;0;0;0;0;0;0;34
$2;2;495000;1;0;-206;23756;7644;-509;401;0;3831;3835;0;0;0;0;0;0;0;0;43
$2;2;496000;1;0;-171;23757;7652;-509;401;0;3834;3837;0;0;0;0;0;0;0;0;42
$2;2;497000;1;0;-141;23756;7659;-509;401;0;3836;3840;0;0;0;0;0;0;0;0;32
$2;2;498000;1;0;-124;23757;7662;-509;401;0;3837;3841;0;0;0;0;0;0;0;0;37
$2;2;499000;1;0;-115;23757;7664;-510;401;0;3838;3842;0;0;0;0;0;0;0;0;36
$2;2;500000;1;0;-112;23757;7663;-510;401;0;3838;3842;0;0;0;0;0;0;0;0;37
$2;2;501000;1;0;-114;23757;7663;-510;398;0;3838;3842;0;0;0;0;0;0;0;0;37
$2;2;502000;1;0;-119;23757;7660;-511;398;0;3838;3841;0;0;0;0;0;0;0;0;42
$2;2;503000;1;0;-135;23757;7657;-511;398;0;3836;3840;0;0;0;0;0;0;0;0;46
$2;2;504000;1;0;-160;23757;7649;-512;398;0;3834;3838;0;0;0;0;0;0;0;0;40
$2;2;505000;1;0;-198;23757;7638;-512;398;0;3830;3834;0;0;0;0;0;0;0;0;32
$2;2;506000;1;0;-237;23756;7626;-513;398;0;3826;3830;0;0;0;0;0;0;0;0;41
$2;2;507000;1;0;-285;23757;7612;-514;398;0;3822;3826;0;0;0;0;0;0;0;0;35
$2;2;508000;1;0;-309;23756;7608;-515;398;0;3820;3824;0;0;0;0;0;0;0;0;34
$2;2;509000;1;0;-303;23757;7613;-516;398;0;3821;3825;0;0;0;0;0;0;0;0;33
$2;2;510000;1;0;-273;23756;7623;-517;398;0;3824;3828;0;0;0;0;0;0;0;0;36
$2;2;511000;1;0;-237;23756;7635;-517;398;0;3827;3831;0;0;0;0;0;0;0;0;41
$2;2;512000;1;0;-197;23757;7645;-517;398;0;3831;3834;0;0;0;0;0;0;0;0;39
$2;2;513000;1;0;-155;23757;7655;-518;398;0;3834;3838;0;0;0;0;0;0;0;0;47
$2;2;514000;1;0;-127;23756;7661;-518;398;0;3836;3840;0;0;0;0;0;0;0;0;38
$2;2;515000;1;0;-106;23756;7665;-518;398;0;3838;3842;0;0;0;0;0;0;0;0;44
$2;2;516000;1;0;-95;23756;7667;-518;398;0;3839;3842;0;0;0;0;0;0;0;0;23
$2;2;517000;1;0;-91;23756;7667;-519;398;0;3839;3843;0;0;0;0;0;0;0;0;18
$2;2;518000;1;0;-91;23756;7667;-519;398;0;3839;3843;0;0;0;0;0;0;0;0;29
$2;2;519000;1;0;-94;23756;7666;-519;396;0;3839;3843;0;0;0;0;0;0;0;0;22
$2;2;520000;1;0;-103;23755;7663;-519;396;0;3838;3842;0;0;0;0;0;0;0;0;37
$2;2;521000;1;0;-127;23756;7656;-520;396;0;3836;3840;0;0;0;0;0;0;0;0;33
$2;2;522000;1;0;-155;23755;7647;-520;396;0;3833;3837;0;0;0;0;0;0;0;0;33
$2;2;523000;1;0;-195;23755;7636;-521;396;0;3830;3833;0;0;0;0;0;0;0;0;44
$2;2;524000;1;0;-235;23756;7625;-522;396;0;3826;3830;0;0;0;0;0;0;0;0;36
$2;2;525000;1;0;-276;23756;7613;-523;396;0;3822;3826;0;0;0;0;0;0;0;0;37
$2;2;526000;1;0;-295;23756;7610;-524;396;0;3820;3825;0;0;0;0;0;0;0;0;46
$2;2;527000;1;0;-282;23756;7617;-524;396;0;3822;3826;0;0;0;0;0;0;0;0;47
$2;2;528000;1;0;-249;23756;7629;-525;396;0;3825;3829;0;0;0;0;0;0;0;0;35
$2;2;529000;1;0;-212;23756;7640;-526;396;0;3829;3832;0;0;0;0;0;0;0;0;38
$2;2;530000;1;0;-173;23755;7648;-526;396;0;3832;3836;0;0;0;0;0;0;0;0;47
$2;2;531000;1;0;-133;23755;7657;-526;396;0;3835;3839;0;0;0;0;0;0;0;0;44
$2;2;532000;1;0;-108;23755;7663;-526;396;0;3837;3841;0;0;0;0;0;0;0;0;45
$2;2;533000;1;0;-91;23756;7667;-527;396;0;3839;3842;0;0;0;0;0;0;0;0;22
$2;2;534000;1;0;-79;23756;7669;-527;396;0;3840;3843;0;0;0;0;0;0;0;0;22
$2;2;535000;1;0;-76;23756;7670;-527;394;0;3840;3843;0;0;0;0;0;0;0;0;18
$2;2;536000;1;0;-76;23756;7670;-527;394;0;3840;3843;0;0;0;0;0;0;0;0;17
$2;2;537000;1;0;-79;23755;7668;-527;394;0;3840;3843;0;0;0;0;0;0;0;0;21
$2;2;538000;1;0;-89;23756;7665;-528;394;0;3839;3842;0;0;0;0;0;0;0;0;27
$2;2;539000;1;0;-111;23756;7658;-528;394;0;3837;3840;0;0;0;0;0;0;0;0;40
$2;2;540000;1;0;-139;23756;7651;-528;394;0;3834;3838;0;0;0;0;0;0;0;0;41
$2;2;541000;1;0;-178;23756;7638;-529;394;0;3831;3834;0;0;0;0;0;0;0;0;42
$2;2;542000;1;0;-216;23756;7628;-530;394;0;3827;3831;0;0;0;0;0;0;0;0;41
$2;2;543000;1;0;-255;23756;7618;-531;394;0;3823;3827;0;0;0;0;0;0;0;0;46
$2;2;544000;1;0;-274;23756;7615;-531;394;0;3822;3826;0;0;0;0;0;0;0;0;39
$2;2;545000;1;0;-263;23756;7621;-532;394;0;3823;3827;0;0;0;0;0;0;0;0;36
$2;2;546000;1;0;-236;23756;7630;-533;394;0;3826;3829;0;0;0;0;0;0;0;0;45
$2;2;547000;1;0;-197;23756;7641;-533;394;0;3829;3833;0;0;0;0;0;0;0;0;38
$2;2;548000;1;0;-159;23755;7651;-534;394;0;3833;3836;0;0;0;0;0;0;0;0;32
$2;2;549000;1;0;-122;23756;7660;-534;394;0;3836;3839;0;0;0;0;0;0;0;0;38
$2;2;550000;1;0;-98;23755;7665;-534;394;0;3838;3841;0;0;0;0;0;0;0;0;25
$2;2;551000;1;0;-82;23756;7667;-534;394;0;3839;3842;0;0;0;0;0;0;0;0;16
$2;2;552000;1;0;-71;23756;7669;-534;394;0;3840;3843;0;0;0;0;0;0;0;0;30
$2;2;553000;1;0;-68;23755;7670;-534;394;0;3840;3843;0;0;0;0;0;0;0;0;28
$2;2;554000;1;0;-68;23756;7670;-535;394;0;3840;3843;0;0;0;0;0;0;0;0;25
$2;2;555000;1;0;-70;23756;7669;-535;394;0;3840;3843;0;0;0;0;0;0;0;0;25
$2;2;556000;1;0;-80;23757;7667;-535;394;0;3839;3842;0;0;0;0;0;0;0;0;21
$2;2;557000;1;0;-101;23756;7660;-535;394;0;3837;3841;0;0;0;0;0;0;0;0;39
$2;2;558000;1;0;-128;23756;7652;-536;394;0;3835;3838;0;0;0;0;0;0;0;0;45
$2;2;559000;1;0;-160;23756;7643;-536;394;0;3831;3835;0;0;0;0;0;0;0;0;41
$2;2;560000;1;0;-203;23756;7631;-537;394;0;3827;3831;0;0;0;0;0;0;0;0;34
$2;2;561000;1;0;-240;23756;7621;-538;394;0;3824;3828;0;0;0;0;0;0;0;0;33
$2;2;562000;1;0;-258;23755;7619;-539;394;0;3822;3826;0;0;0;0;0;0;0;0;42
$2;2;563000;1;0;-248;23756;7624;-539;394;0;3824;3827;0;0;0;0;0;0;0;0;32
$2;2;564000;1;0;-222;23755;7632;-540;394;0;3826;3830;0;0;0;0;0;0;0;0;37
$2;2;565000;1;0;-183;23756;7643;-540;394;0;3830;3833;0;0;0;0;0;0;0;0;45
$2;2;566000;1;0;-147;23756;7651;-541;394;0;3833;3836;0;0;0;0;0;0;0;0;34
$2;2;567000;1;0;-114;23755;7660;-541;394;0;3836;3839;0;0;0;0;0;0;0;0;46
$2;2;568000;1;0;-87;23756;7667;-541;394;0;3838;3841;0;0;0;0;0;0;0;0;31
$2;2;569000;1;0;-71;23755;7669;-541;394;0;3839;3842;0;0;0;0;0;0;0;0;24
$2;2;570000;1;0;-64;23755;7670;-541;394;0;3840;3843;0;0;0;0;0;0;0;0;19
$2;2;571000;1;0;-57;23756;7671;-541;394;0;3840;3843;0;0;0;0;0;0;0;0;16
$2;2;572000;1;0;-55;23756;7671;-541;394;0;3841;3844;0;0;0;0;0;0;0;0;23
$2;2;573000;1;0;-55;23756;7672;-542;394;0;3841;3844;0;0;0;0;0;0;0;0;22
$2;2;574000;1;0;-58;23755;7671;-542;394;0;3841;3844;0;0;0;0;0;0;0;0;28
$2;2;575000;1;0;-71;23756;7667;-542;394;0;3839;3843;0;0;0;0;0;0;0;0;26
$2;2;576000;1;0;-91;23756;7660;-542;394;0;3838;3841;0;0;0;0;0;0;0;0;19
$2;2;577000;1;0;-122;23756;7652;-543;394;0;3835;3838;0;0;0;0;0;0;0;0;40
$2;2;578000;1;0;-154;23756;7643;-543;394;0;3831;3835;0;0;0;0;0;0;0;0;47
$2;2;579000;1;0;-191;23756;7634;-544;394;0;3828;3832;0;0;0;0;0;0;0;0;47
$2;2;580000;1;0;-228;23755;7623;-545;394;0;3824;3828;0;0;0;0;0;0;0;0;43
$2;2;581000;1;0;-239;23756;7623;-546;394;0;3824;3827;0;0;0;0;0;0;0;0;37
$2;2;582000;1;0;-223;23755;7631;-546;394;0;3826;3829;0;0;0;0;0;0;0;0;33
$2;2;583000;1;0;-195;23756;7638;-547;394;0;3828;3832;0;0;0;0;0;0;0;0;33
$2;2;584000;1;0;-162;23756;7648;-547;394;0;3831;3835;0;0;0;0;0;0;0;0;38
$2;2;585000;1;0;-123;23755;7657;-547;394;0;3835;3838;0;0;0;0;0;0;0;0;38
$2;2;586000;1;0;-95;23755;7663;-547;394;0;3837;3840;0;0;0;0;0;0;0;0;19
$2;2;587000;1;0;-75;23756;7668;-547;391;0;3838;3841;0;0;0;0;0;0;0;0;31
$2;2;588000;1;0;-60;23755;7671;-548;391;0;3840;3843;0;0;0;0;0;0;0;0;29
$2;2;589000;1;0;-53;23756;7672;-548;391;0;3840;3843;0;0;0;0;0;0;0;0;28
$2;2;590000;1;0;-50;23755;7672;-548;391;0;3841;3844;0;0;0;0;0;0;0;0;18
$2;2;591000;1;0;-50;23755;7671;-548;391;0;3841;3844;0;0;0;0;0;0;0;0;16
$2;2;592000;1;0;-52;23756;7671;-548;391;0;3841;3844;0;0;0;0;0;0;0;0;18
$2;2;593000;1;0;-63;23756;7669;-548;391;0;3840;3843;0;0;0;0;0;0;0;0;30
$2;2;594000;1;0;-81;23756;7663;-549;394;0;3838;3841;0;0;0;0;0;0;0;0;22
$2;2;595000;1;0;-110;23756;7654;-549;394;0;3835;3838;0;0;0;0;0;0;0;0;41
$2;2;596000;1;0;-141;23755;7646;-549;394;0;3832;3836;0;0;0;0;0;0;0;0;39
$2;2;597000;1;0;-176;23756;7636;-550;394;0;3829;3832;0;0;0;0;0;0;0;0;32
$2;2;598000;1;0;-215;23755;7625;-551;394;0;3825;3829;0;0;0;0;0;0;0;0;47
$2;2;599000;1;0;-228;23756;7623;-552;394;0;3824;3828;0;0;0;0;0;0;0;0;38
$2;2;600000;1;0;-218;23756;7630;-552;394;0;3825;3829;0;0;0;0;0;0;0;0;36
$2;2;601000;1;0;-189;23756;7639;-553;394;0;3828;3831;0;0;0;0;0;0;0;0;34
$2;2;602000;1;0;-157;23756;7647;-553;394;0;3831;3834;0;0;0;0;0;0;0;0;38
$2;2;603000;1;0;-120;23755;7657;-553;394;0;3834;3837;0;0;0;0;0;0;0;0;35
$2;2;604000;1;0;-91;23755;7663;-553;394;0;3837;3840;0;0;0;0;0;0;0;0;27
$2;2;605000;1;0;-69;23755;7668;-553;394;0;3838;3841;0;0;0;0;0;0;0;0;24
$2;2;606000;1;0;-52;23755;7672;-553;394;0;3840;3843;0;0;0;0;0;0;0;0;21
$2;2;607000;1;0;-43;23755;7673;-553;394;0;3841;3843;0;0;0;0;0;0;0;0;20
$2;2;608000;1;0;-39;23755;7674;-554;394;0;3841;3844;0;0;0;0;0;0;0;0;17
$2;2;609000;1;0;-38;23756;7674;-554;394;0;3841;3844;0;0;0;0;0;0;0;0;18
$2;2;610000;1;0;-39;23755;7673;-554;394;0;3841;3844;0;0;0;0;0;0;0;0;31
$2;2;611000;1;0;-44;23755;7673;-554;391;0;3841;3844;0;0;0;0;0;0;0;0;17
$2;2;612000;1;0;-56;23755;7669;-554;391;0;3840;3843;0;0;0;0;0;0;0;0;28
$2;2;613000;1;0;-75;23755;7663;-554;391;0;3838;3841;0;0;0;0;0;0;0;0;27
$2;2;614000;1;0;-104;23755;7654;-555;391;0;3835;3838;0;0;0;0;0;0;0;0;45
$2;2;615000;1;0;-135;23755;7646;-555;391;0;3832;3836;0;0;0;0;0;0;0;0;36
$2;2;616000;1;0;-175;23755;7635;-556;391;0;3828;3832;0;0;0;0;0;0;0;0;43
$2;2;617000;1;0;-208;23755;7625;-557;391;0;3825;3829;0;0;0;0;0;0;0;0;36
$2;2;618000;1;0;-222;23756;7624;-557;394;0;3824;3828;0;0;0;0;0;0;0;0;36
$2;2;619000;1;0;-209;23755;7630;-558;394;0;3826;3829;0;0;0;0;0;0;0;0;38
$2;2;620000;1;0;-184;23755;7639;-558;394;0;3828;3832;0;0;0;0;0;0;0;0;39
$2;2;621000;1;0;-152;23755;7647;-559;394;0;3831;3834;0;0;0;0;0;0;0;0;43
$2;2;622000;1;0;-115;23756;7656;-559;394;0;3834;3837;0;0;0;0;0;0;0;0;46
$2;2;623000;1;0;-86;23755;7663;-559;394;0;3837;3840;0;0;0;0;0;0;0;0;18
$2;2;624000;1;0;-63;23755;7669;-559;394;0;3839;3841;0;0;0;0;0;0;0;0;27
$2;2;625000;1;0;-43;23756;7673;-559;394;0;3840;3843;0;0;0;0;0;0;0;0;28
$2;2;626000;1;0;-32;23755;7676;-559;394;0;3841;3844;0;0;0;0;0;0;0;0;25
$2;2;627000;1;0;-25;23756;7679;-559;394;0;3842;3845;0;0;0;0;0;0;0;0;16
$2;2;628000;1;0;-23;23756;7679;-559;394;0;3842;3845;0;0;0;0;0;0;0;0;25
$2;2;629000;1;0;-24;23755;7679;-559;394;0;3842;3845;0;0;0;0;0;0;0;0;28
$2;2;630000;1;0;-26;23756;7678;-559;394;0;3842;3845;0;0;0;0;0;0;0;0;20
$2;2;631000;1;0;-33;23756;7675;-559;391;0;3842;3844;0;0;0;0;0;0;0;0;24
$2;2;632000;1;0;-49;23756;7670;-560;391;0;3840;3843;0;0;0;0;0;0;0;0;28
$2;2;633000;1;0;-68;23756;7665;-560;391;0;3838;3841;0;0;0;0;0;0;0;0;23
$2;2;634000;1;0;-94;23756;7657;-560;391;0;3836;3839;0;0;0;0;0;0;0;0;19
$2;2;635000;1;0;-128;23755;7647;-561;391;0;3833;3836;0;0;0;0;0;0;0;0;45
$2;2;636000;1;0;-163;23755;7638;-561;391;0;3829;3833;0;0;0;0;0;0;0;0;39
$2;2;637000;1;0;-197;23755;7628;-562;391;0;3826;3829;0;0;0;0;0;0;0;0;43
$2;2;638000;1;0;-213;23756;7627;-563;391;0;3825;3828;0;0;0;0;0;0;0;0;36
$2;2;639000;1;0;-203;23756;7631;-563;394;0;3826;3829;0;0;0;0;0;0;0;0;36
$2;2;640000;1;0;-175;23756;7641;-564;394;0;3829;3832;0;0;0;0;0;0;0;0;45
$2;2;641000;1;0;-144;23756;7648;-564;394;0;3831;3835;0;0;0;0;0;0;0;0;41
$2;2;642000;1;0;-113;23756;7656;-564;394;0;3834;3837;0;0;0;0;0;0;0;0;32
$2;2;643000;1;0;-80;23756;7665;-564;394;0;3837;3840;0;0;0;0;0;0;0;0;25
$2;2;644000;1;0;-57;23755;7670;-564;394;0;3839;3841;0;0;0;0;0;0;0;0;28
$2;2;645000;1;0;-38;23756;7673;-564;394;0;3840;3843;0;0;0;0;0;0;0;0;24
$2;2;646000;1;0;-28;23755;7676;-564;394;0;3841;3844;0;0;0;0;0;0;0;0;26
$2;2;647000;1;0;-22;23755;7678;-564;394;0;3842;3844;0;0;0;0;0;0;0;0;28
$2;2;648000;1;0;-20;23755;7679;-564;394;0;3842;3845;0;0;0;0;0;0;0;0;17
$2;2;649000;1;0;-20;23755;7679;-564;394;0;3842;3845;0;0;0;0;0;0;0;0;16
$2;2;650000;1;0;-23;23756;7678;-565;394;0;3842;3845;0;0;0;0;0;0;0;0;24
$2;2;651000;1;0;-31;23755;7674;-565;394;0;3841;3844;0;0;0;0;0;0;0;0;23
$2;2;652000;1;0;-44;23755;7670;-565;394;0;3840;3843;0;0;0;0;0;0;0;0;20
$2;2;653000;1;0;-67;23755;7663;-565;394;0;3838;3841;0;0;0;0;0;0;0;0;27
$2;2;654000;1;0;-92;23755;7656;-565;394;0;3836;3839;0;0;0;0;0;0;0;0;17
$2;2;655000;1;0;-122;23755;7647;-566;394;0;3833;3836;0;0;0;0;0;0;0;0;35
$2;2;656000;1;0;-161;23755;7638;-566;391;0;3829;3832;0;0;0;0;0;0;0;0;37
$2;2;657000;1;0;-191;23755;7631;-567;391;0;3826;3829;0;0;0;0;0;0;0;0;38
$2;2;658000;1;0;-200;23755;7629;-568;391;0;3825;3829;0;0;0;0;0;0;0;0;39
$2;2;659000;1;0;-185;23755;7635;-568;391;0;3827;3830;0;0;0;0;0;0;0;0;47
$2;2;660000;1;0;-160;23755;7643;-569;391;0;3830;3833;0;0;0;0;0;0;0;0;43
$2;2;661000;1;0;-126;23755;7652;-569;391;0;3833;3836;0;0;0;0;0;0;0;0;46
$2;2;662000;1;0;-96;23755;7660;-569;391;0;3835;3838;0;0;0;0;0;0;0;0;30
$2;2;663000;1;0;-70;23755;7666;-569;391;0;3837;3840;0;0;0;0;0;0;0;0;28
$2;2;664000;1;0;-47;23755;7670;-569;391;0;3839;3842;0;0;0;0;0;0;0;0;20
$2;2;665000;1;0;-33;23755;7673;-569;391;0;3840;3843;0;0;0;0;0;0;0;0;26
$2;2;666000;1;0;-23;23755;7676;-569;391;0;3841;3844;0;0;0;0;0;0;0;0;27
$2;2;667000;1;0;-19;23755;7676;-569;391;0;3841;3844;0;0;0;0;0;0;0;0;19
$2;2;668000;1;0;-18;23755;7677;-569;391;0;3842;3844;0;0;0;0;0;0;0;0;31
$2;2;669000;1;0;-19;23755;7676;-569;391;0;3842;3844;0;0;0;0;0;0;0;0;30
$2;2;670000;1;0;-23;23755;7676;-569;391;0;3841;3844;0;0;0;0;0;0;0;0;28
$2;2;671000;1;0;-33;23755;7673;-569;391;0;3841;3843;0;0;0;0;0;0;0;0;30
$2;2;672000;1;0;-50;23755;7668;-570;391;0;3839;3842;0;0;0;0;0;0;0;0;20
$2;2;673000;1;0;-71;23755;7660;-570;391;0;3837;3840;0;0;0;0;0;0;0;0;18
$2;2;674000;1;0;-102;23755;7652;-570;391;0;3834;3837;0;0;0;0;0;0;0;0;34
$2;2;675000;1;0;-133;23755;7643;-571;391;0;3831;3834;0;0;0;0;0;0;0;0;38
$2;2;676000;1;0;-166;23755;7635;-571;394;0;3828;3831;0;0;0;0;0;0;0;0;44
$2;2;677000;1;0;-185;23755;7631;-572;394;0;3826;3830;0;0;0;0;0;0;0;0;40
$2;2;678000;1;0;-178;23756;7635;-572;394;0;3827;3830;0;0;0;0;0;0;0;0;35
$2;2;679000;1;0;-154;23755;7643;-573;394;0;3830;3833;0;0;0;0;0;0;0;0;42
$2;2;680000;1;0;-126;23755;7651;-573;394;0;3832;3835;0;0;0;0;0;0;0;0;46
$2;2;681000;1;0;-98;23755;7657;-573;394;0;3835;3837;0;0;0;0;0;0;0;0;24
$2;2;682000;1;0;-68;23754;7664;-573;394;0;3837;3840;0;0;0;0;0;0;0;0;23
$2;2;683000;1;0;-47;23755;7669;-573;394;0;3839;3841;0;0;0;0;0;0;0;0;24
$2;2;684000;1;0;-31;23755;7673;-573;394;0;3840;3843;0;0;0;0;0;0;0;0;25
$2;2;685000;1;0;-19;23755;7676;-573;394;0;3841;3844;0;0;0;0;0;0;0;0;17
$2;2;686000;1;0;-13;23755;7678;-573;394;0;3842;3844;0;0;0;0;0;0;0;0;21
$2;2;687000;1;0;-10;23755;7679;-574;394;0;3842;3845;0;0;0;0;0;0;0;0;16
$2;2;688000;1;0;-9;23755;7679;-574;394;0;3842;3845;0;0;0;0;0;0;0;0;39
$2;2;689000;1;0;-11;23755;7679;-574;394;0;3842;3845;0;0;0;0;0;0;0;0;31
$2;2;690000;1;0;-16;23755;7677;-574;394;0;3842;3844;0;0;0;0;0;0;0;0;31
$2;2;691000;1;0;-27;23755;7673;-574;394;0;3841;3844;0;0;0;0;0;0;0;0;27
$2;2;692000;1;0;-42;23754;7669;-574;394;0;3840;3842;0;0;0;0;0;0;0;0;22
$2;2;693000;1;0;-65;23755;7660;-574;394;0;3837;3840;0;0;0;0;0;0;0;0;24
$2;2;694000;1;0;-79;23755;7657;-574;394;0;3836;3839;0;0;0;0;0;0;0;0;25
$2;2;695000;1;0;-108;23755;7650;-575;394;0;3833;3836;0;0;0;0;0;0;0;0;35
$2;2;696000;1;0;-140;23754;7641;-575;394;0;3830;3833;0;0;0;0;0;0;0;0;43
$2;2;697000;1;0;-170;23754;7633;-576;394;0;3827;3830;0;0;0;0;0;0;0;0;42
$2;2;698000;1;0;-176;23755;7634;-576;394;0;3827;3830;0;0;0;0;0;0;0;0;37
$2;2;699000;1;0;-159;23755;7639;-577;394;0;3829;3832;0;0;0;0;0;0;0;0;41
$2;2;700000;1;0;-134;23754;7647;-577;394;0;3831;3834;0;0;0;0;0;0;0;0;36
$2;2;701000;1;0;-107;23755;7654;-577;394;0;3834;3836;0;0;0;0;0;0;0;0;33
$2;2;702000;1;0;-76;23755;7662;-577;394;0;3836;3839;0;0;0;0;0;0;0;0;29
$2;2;703000;1;0;-52;23755;7667;-577;394;0;3838;3841;0;0;0;0;0;0;0;0;30
$2;2;704000;1;0;-34;23755;7671;-577;394;0;3840;3842;0;0;0;0;0;0;0;0;18
$2;2;705000;1;0;-23;23755;7675;-577;394;0;3840;3843;0;0;0;0;0;0;0;0;16
$2;2;706000;1;0;-14;23755;7677;-577;394;0;3841;3844;0;0;0;0;0;0;0;0;19
$2;2;707000;1;0;-11;23755;7678;-578;394;0;3842;3844;0;0;0;0;0;0;0;0;20
$2;2;708000;1;0;-10;23755;7678;-578;394;0;3842;3844;0;0;0;0;0;0;0;0;26
$2;2;709000;1;0;-11;23755;7678;-578;394;0;3842;3844;0;0;0;0;0;0;0;0;26
$2;2;710000;1;0;-14;23755;7677;-578;394;0;3842;3844;0;0;0;0;0;0;0;0;24
$2;2;711000;1;0;-23;23754;7674;-578;394;0;3841;3844;0;0;0;0;0;0;0;0;28
$2;2;712000;1;0;-36;23755;7670;-578;394;0;3840;3842;0;0;0;0;0;0;0;0;25
$2;2;713000;1;0;-54;23755;7665;-578;394;0;3838;3841;0;0;0;0;0;0;0;0;20
$2;2;714000;1;0;-81;23754;7657;-578;394;0;3835;3838;0;0;0;0;0;0;0;0;24
$2;2;715000;1;0;-110;23755;7648;-579;391;0;3833;3836;0;0;0;0;0;0;0;0;35
$2;2;716000;1;0;-146;23755;7638;-579;394;0;3829;3832;0;0;0;0;0;0;0;0;46
$2;2;717000;1;0;-166;23755;7635;-580;391;0;3827;3830;0;0;0;0;0;0;0;0;47
$2;2;718000;1;0;-165;23755;7636;-580;391;0;3828;3831;0;0;0;0;0;0;0;0;46
$2;2;719000;1;0;-145;23755;7643;-581;391;0;3830;3833;0;0;0;0;0;0;0;0;37
$2;2;720000;1;0;-120;23755;7651;-581;391;0;3832;3835;0;0;0;0;0;0;0;0;43
$2;2;721000;1;0;-89;23755;7659;-581;394;0;3835;3838;0;0;0;0;0;0;0;0;31
$2;2;722000;1;0;-64;23755;7666;-581;394;0;3837;3840;0;0;0;0;0;0;0;0;30
$2;2;723000;1;0;-42;23755;7670;-581;394;0;3839;3841;0;0;0;0;0;0;0;0;19
$2;2;724000;1;0;-28;23755;7673;-581;394;0;3840;3842;0;0;0;0;0;0;0;0;22
$2;2;725000;1;0;-17;23755;7676;-581;394;0;3841;3843;0;0;0;0;0;0;0;0;30
$2;2;726000;1;0;-12;23755;7677;-581;394;0;3841;3844;0;0;0;0;0;0;0;0;30
$2;2;727000;1;0;-9;23755;7678;-581;394;0;3842;3844;0;0;0;0;0;0;0;0;41
$2;2;728000;1;0;-9;23755;7679;-581;394;0;3842;3844;0;0;0;0;0;0;0;0;39
$2;2;729000;1;0;-11;23755;7678;-581;394;0;3842;3844;0;0;0;0;0;0;0;0;30
$2;2;730000;1;0;-15;23755;7676;-581;394;0;3841;3844;0;0;0;0;0;0;0;0;31
$2;2;731000;1;0;-27;23755;7672;-581;394;0;3840;3843;0;0;0;0;0;0;0;0;29
$2;2;732000;1;0;-42;23755;7667;-582;394;0;3839;3842;0;0;0;0;0;0;0;0;21
$2;2;733000;1;0;-65;23755;7661;-582;391;0;3837;3839;0;0;0;0;0;0;0;0;16
$2;2;734000;1;0;-91;23755;7653;-582;391;0;3834;3837;0;0;0;0;0;0;0;0;16
$2;2;735000;1;0;-121;23755;7646;-583;391;0;3831;3834;0;0;0;0;0;0;0;0;40
$2;2;736000;1;0;-149;23755;7639;-583;391;0;3829;3832;0;0;0;0;0;0;0;0;34
$2;2;737000;1;0;-154;23755;7640;-584;391;0;3829;3831;0;0;0;0;0;0;0;0;37
$2;2;738000;1;0;-141;23755;7643;-584;391;0;3830;3833;0;0;0;0;0;0;0;0;39
$2;2;739000;1;0;-115;23755;7651;-584;391;0;3832;3835;0;0;0;0;0;0;0;0;32
$2;2;740000;1;0;-90;23755;7658;-584;391;0;3835;3837;0;0;0;0;0;0;0;0;30
$2;2;741000;1;0;-62;23755;7666;-585;391;0;3837;3839;0;0;0;0;0;0;0;0;18
$2;2;742000;1;0;-41;23755;7670;-585;391;0;3839;3841;0;0;0;0;0;0;0;0;22
$2;2;743000;1;0;-27;23755;7673;-585;394;0;3840;3842;0;0;0;0;0;0;0;0;28
$2;2;744000;1;0;-18;23755;7676;-585;394;0;3840;3843;0;0;0;0;0;0;0;0;19
$2;2;745000;1;0;-11;23755;7677;-585;394;0;3841;3844;0;0;0;0;0;0;0;0;28
$2;2;746000;1;0;-9;23755;7677;-585;394;0;3841;3844;0;0;0;0;0;0;0;0;38
$2;2;747000;1;0;-8;23755;7677;-585;394;0;3841;3844;0;0;0;0;0;0;0;0;38
$2;2;748000;1;0;-10;23755;7676;-585;394;0;3841;3844;0;0;0;0;0;0;0;0;17
$2;2;749000;1;0;-14;23755;7675;-585;394;0;3841;3844;0;0;0;0;0;0;0;0;23
$2;2;750000;1;0;-26;23755;7671;-585;394;0;3840;3843;0;0;0;0;0;0;0;0;28
$2;2;751000;1;0;-41;23755;7667;-585;394;0;3839;3841;0;0;0;0;0;0;0;0;23
$2;2;752000;1;0;-61;23755;7661;-585;394;0;3837;3839;0;0;0;0;0;0;0;0;17
$2;2;753000;1;0;-90;23755;7653;-586;394;0;3834;3837;0;0;0;0;0;0;0;0;17
$2;2;754000;1;0;-120;23755;7645;-586;391;0;3831;3834;0;0;0;0;0;0;0;0;40
$2;2;755000;1;0;-152;23755;7635;-587;391;0;3828;3831;0;0;0;0;0;0;0;0;39
$2;2;756000;1;0;-174;23755;7631;-587;391;0;3826;3829;0;0;0;0;0;0;0;0;35
$2;2;757000;1;0;-172;23755;7634;-588;391;0;3826;3829;0;0;0;0;0;0;0;0;46
$2;2;758000;1;0;-150;23755;7641;-588;391;0;3829;3831;0;0;0;0;0;0;0;0;37
$2;2;759000;1;0;-123;23755;7648;-588;391;0;3831;3834;0;0;0;0;0;0;0;0;37
$2;2;760000;1;0;-96;23755;7655;-588;391;0;3833;3836;0;0;0;0;0;0;0;0;28
$2;2;761000;1;0;-66;23755;7663;-589;391;0;3836;3838;0;0;0;0;0;0;0;0;29
$2;2;762000;1;0;-43;23755;7668;-589;391;0;3838;3840;0;0;0;0;0;0;0;0;19
$2;2;763000;1;0;-30;23755;7671;-589;391;0;3839;3841;0;0;0;0;0;0;0;0;30
$2;2;764000;1;0;-19;23755;7673;-589;391;0;3839;3842;0;0;0;0;0;0;0;0;19
$2;2;765000;1;0;-13;23755;7673;-589;391;0;3840;3842;0;0;0;0;0;0;0;0;22
$2;2;766000;1;0;-8;23755;7676;-589;391;0;3841;3843;0;0;0;0;0;0;0;0;42
$2;2;767000;1;0;-6;23755;7676;-589;391;0;3841;3843;0;0;0;0;0;0;0;0;37
$2;2;768000;1;0;-6;23755;7677;-589;391;0;3841;3844;0;0;0;0;0;0;0;0;44
$2;2;769000;1;0;-7;23755;7676;-589;391;0;3841;3844;0;0;0;0;0;0;0;0;45
$2;2;770000;1;0;-10;23755;7676;-589;391;0;3841;3843;0;0;0;0;0;0;0;0;20
$2;2;771000;1;0;-17;23755;7673;-589;391;0;3840;3843;0;0;0;0;0;0;0;0;22
$2;2;772000;1;0;-31;23755;7670;-589;391;0;3839;3842;0;0;0;0;0;0;0;0;29
$2;2;773000;1;0;-48;23755;7664;-589;391;0;3837;3840;0;0;0;0;0;0;0;0;27
$2;2;774000;1;0;-74;23755;7657;-589;394;0;3835;3838;0;0;0;0;0;0;0;0;27
$2;2;775000;1;0;-101;23755;7649;-590;391;0;3832;3835;0;0;0;0;0;0;0;0;33
$2;2;776000;1;0;-132;23755;7640;-590;391;0;3829;3832;0;0;0;0;0;0;0;0;38
$2;2;777000;1;0;-156;23755;7635;-591;391;0;3827;3830;0;0;0;0;0;0;0;0;42
$2;2;778000;1;0;-157;23755;7636;-591;391;0;3827;3830;0;0;0;0;0;0;0;0;39
$2;2;779000;1;0;-141;23755;7641;-592;391;0;3829;3832;0;0;0;0;0;0;0;0;46
$2;2;780000;1;0;-114;23754;7649;-592;391;0;3831;3834;0;0;0;0;0;0;0;0;46
$2;2;781000;1;0;-88;23754;7655;-592;391;0;3834;3836;0;0;0;0;0;0;0;0;17
$2;2;782000;1;0;-60;23755;7663;-592;391;0;3836;3838;0;0;0;0;0;0;0;0;28
$2;2;783000;1;0;-41;23755;7667;-592;391;0;3837;3840;0;0;0;0;0;0;0;0;20
$2;2;784000;1;0;-27;23755;7670;-592;391;0;3839;3841;0;0;0;0;0;0;0;0;26
$2;2;785000;1;0;-17;23755;7673;-592;391;0;3839;3842;0;0;0;0;0;0;0;0;24
$2;2;786000;1;0;-12;23755;7673;-592;394;0;3840;3842;0;0;0;0;0;0;0;0;21
$2;2;787000;1;0;-8;23755;7675;-592;394;0;3840;3843;0;0;0;0;0;0;0;0;40
$2;2;788000;1;0;-6;23755;7675;-592;391;0;3841;3843;0;0;0;0;0;0;0;0;45
$2;2;789000;1;0;-6;23755;7675;-592;394;0;3841;3843;0;0;0;0;0;0;0;0;41
$2;2;790000;1;0;-7;23755;7675;-592;394;0;3841;3843;0;0;0;0;0;0;0;0;32
$2;2;791000;1;0;-9;23755;7674;-592;394;0;3841;3843;0;0;0;0;0;0;0;0;46
$2;2;792000;1;0;-17;23755;7673;-592;394;0;3840;3842;0;0;0;0;0;0;0;0;21
$2;2;793000;1;0;-29;23755;7669;-592;394;0;3839;3841;0;0;0;0;0;0;0;0;31
$2;2;794000;1;0;-48;23755;7662;-592;394;0;3837;3840;0;0;0;0;0;0;0;0;27
$2;2;795000;1;0;-70;23754;7656;-593;394;0;3835;3838;0;0;0;0;0;0;0;0;27
$2;2;796000;1;0;-97;23754;7649;-593;391;0;3832;3835;0;0;0;0;0;0;0;0;16
$2;2;797000;1;0;-131;23755;7641;-594;391;0;3829;3832;0;0;0;0;0;0;0;0;47
$2;2;798000;1;0;-147;23755;7638;-594;391;0;3828;3830;0;0;0;0;0;0;0;0;44
$2;2;799000;1;0;-144;23755;7640;-594;391;0;3828;3831;0;0;0;0;0;0;0;0;32
$2;2;800000;1;0;-124;23755;7646;-595;391;0;3830;3833;0;0;0;0;0;0;0;0;37
$2;2;801000;1;0;-101;23755;7652;-595;391;0;3832;3835;0;0;0;0;0;0;0;0;34
$2;2;802000;1;0;-73;23755;7660;-595;391;0;3835;3837;0;0;0;0;0;0;0;0;17
$2;2;803000;1;0;-49;23755;7666;-595;391;0;3837;3839;0;0;0;0;0;0;0;0;19
$2;2;804000;1;0;-34;23755;7669;-595;391;0;3838;3840;0;0;0;0;0;0;0;0;16
$2;2;805000;1;0;-23;23755;7671;-595;391;0;3839;3841;0;0;0;0;0;0;0;0;30
$2;2;806000;1;0;-15;23755;7672;-595;391;0;3839;3842;0;0;0;0;0;0;0;0;24
$2;2;807000;1;0;-11;23755;7673;-595;394;0;3840;3842;0;0;0;0;0;0;0;0;23
$2;2;808000;1;0;-7;23755;7674;-595;391;0;3840;3843;0;0;0;0;0;0;0;0;44
$2;2;809000;1;0;-5;23755;7675;-595;394;0;3840;3843;0;0;0;0;0;0;0;0;43
$2;2;810000;1;0;-5;23755;7676;-595;391;0;3841;3843;0;0;0;0;0;0;0;0;36
$2;2;811000;1;0;-6;23755;7674;-595;391;0;3841;3843;0;0;0;0;0;0;0;0;36
$2;2;812000;1;0;-9;23755;7674;-595;391;0;3841;3843;0;0;0;0;0;0;0;0;40
$2;2;813000;1;0;-14;23755;7673;-595;391;0;3840;3842;0;0;0;0;0;0;0;0;18
$2;2;814000;1;0;-26;23755;7670;-595;394;0;3839;3841;0;0;0;0;0;0;0;0;31
$2;2;815000;1;0;-41;23755;7664;-596;394;0;3837;3840;0;0;0;0;0;0;0;0;22
$2;2;816000;1;0;-65;23755;7657;-596;394;0;3835;3838;0;0;0;0;0;0;0;0;30
$2;2;817000;1;0;-90;23755;7651;-596;394;0;3833;3835;0;0;0;0;0;0;0;0;24
$2;2;818000;1;0;-107;23755;7646;-597;391;0;3831;3834;0;0;0;0;0;0;0;0;41
$2;2;819000;1;0;-129;23755;7641;-597;391;0;3829;3832;0;0;0;0;0;0;0;0;44
$2;2;820000;1;0;-134;23755;7641;-597;391;0;3829;3832;0;0;0;0;0;0;0;0;42
$2;2;821000;1;0;-120;23754;7646;-598;391;0;3830;3833;0;0;0;0;0;0;0;0;46
$2;2;822000;1;0;-100;23754;7652;-598;391;0;3832;3835;0;0;0;0;0;0;0;0;46
$2;2;823000;1;0;-74;23755;7658;-598;391;0;3835;3837;0;0;0;0;0;0;0;0;19
$2;2;824000;1;0;-51;23755;7665;-598;391;0;3836;3839;0;0;0;0;0;0;0;0;16
$2;2;825000;1;0;-35;23754;7668;-598;391;0;3838;3840;0;0;0;0;0;0;0;0;31
$2;2;826000;1;0;-24;23755;7670;-598;391;0;3839;3841;0;0;0;0;0;0;0;0;20
$2;2;827000;1;0;-16;23755;7671;-598;391;0;3839;3842;0;0;0;0;0;0;0;0;22
$2;2;828000;1;0;-11;23755;7673;-598;391;0;3840;3842;0;0;0;0;0;0;0;0;18
$2;2;829000;1;0;-8;23755;7673;-598;394;0;3840;3842;0;0;0;0;0;0;0;0;46
$2;2;830000;1;0;-6;23755;7673;-598;394;0;3840;3843;0;0;0;0;0;0;0;0;41
$2;2;831000;1;0;-5;23755;7674;-598;391;0;3840;3843;0;0;0;0;0;0;0;0;41
$2;2;832000;1;0;-6;23755;7673;-598;391;0;3840;3843;0;0;0;0;0;0;0;0;46
$2;2;833000;1;0;-8;23755;7673;-598;391;0;3840;3843;0;0;0;0;0;0;0;0;33
$2;2;834000;1;0;-12;23755;7672;-598;391;0;3840;3842;0;0;0;0;0;0;0;0;29
$2;2;835000;1;0;-20;23754;7670;-598;391;0;3839;3842;0;0;0;0;0;0;0;0;16
$2;2;836000;1;0;-35;23755;7666;-598;391;0;3838;3840;0;0;0;0;0;0;0;0;18
$2;2;837000;1;0;-53;23755;7660;-599;391;0;3836;3839;0;0;0;0;0;0;0;0;20
$2;2;838000;1;0;-80;23755;7652;-599;391;0;3833;3836;0;0;0;0;0;0;0;0;30
$2;2;839000;1;0;-106;23755;7646;-599;391;0;3831;3834;0;0;0;0;0;0;0;0;37
$2;2;840000;1;0;-120;23755;7643;-600;391;0;3830;3832;0;0;0;0;0;0;0;0;46
$2;2;841000;1;0;-115;23755;7647;-600;391;0;3831;3833;0;0;0;0;0;0;0;0;45
$2;2;842000;1;0;-98;23755;7652;-600;391;0;3832;3835;0;0;0;0;0;0;0;0;27
$2;2;843000;1;0;-77;23755;7657;-600;391;0;3834;3837;0;0;0;0;0;0;0;0;26
$2;2;844000;1;0;-53;23754;7664;-601;391;0;3836;3839;0;0;0;0;0;0;0;0;23
$2;2;845000;1;0;-34;23755;7668;-601;391;0;3838;3840;0;0;0;0;0;0;0;0;26
$2;2;846000;1;0;-23;23755;7670;-601;391;0;3839;3841;0;0;0;0;0;0;0;0;22
$2;2;847000;1;0;-17;23755;7672;-601;391;0;3839;3841;0;0;0;0;0;0;0;0;18
$2;2;848000;1;0;-11;23755;7672;-601;391;0;3840;3842;0;0;0;0;0;0;0;0;22
$2;2;849000;1;0;-8;23755;7673;-601;391;0;3840;3842;0;0;0;0;0;0;0;0;46
$2;2;850000;1;0;-6;23755;7673;-601;391;0;3840;3842;0;0;0;0;0;0;0;0;40
$2;2;851000;1;0;-5;23755;7673;-601;391;0;3840;3843;0;0;0;0;0;0;0;0;43
$2;2;852000;1;0;-5;23755;7673;-601;391;0;3840;3843;0;0;0;0;0;0;0;0;40
$2;2;853000;1;0;-7;23755;7673;-601;391;0;3840;3843;0;0;0;0;0;0;0;0;43
$2;2;854000;1;0;-10;23755;7673;-601;391;0;3840;3842;0;0;0;0;0;0;0;0;27
$2;2;855000;1;0;-17;23755;7671;-601;391;0;3839;3842;0;0;0;0;0;0;0;0;17
$2;2;856000;1;0;-28;23755;7667;-601;391;0;3838;3841;0;0;0;0;0;0;0;0;27
$2;2;857000;1;0;-47;23755;7662;-601;391;0;3837;3839;0;0;0;0;0;0;0;0;22
$2;2;858000;1;0;-69;23754;7656;-601;391;0;3834;3837;0;0;0;0;0;0;0;0;30
$2;2;859000;1;0;-94;23754;7647;-602;391;0;3832;3834;0;0;0;0;0;0;0;0;27
$2;2;860000;1;0;-114;23755;7644;-602;391;0;3830;3833;0;0;0;0;0;0;0;0;47
$2;2;861000;1;0;-115;23755;7645;-602;391;0;3830;3833;0;0;0;0;0;0;0;0;46
$2;2;862000;1;0;-99;23755;7651;-603;391;0;3832;3835;0;0;0;0;0;0;0;0;24
$2;2;863000;1;0;-79;23754;7656;-603;391;0;3834;3836;0;0;0;0;0;0;0;0;20
$2;2;864000;1;0;-58;23754;7662;-603;391;0;3836;3838;0;0;0;0;0;0;0;0;27
$2;2;865000;1;0;-38;23754;7667;-603;391;0;3837;3840;0;0;0;0;0;0;0;0;23
$2;2;866000;1;0;-26;23755;7669;-603;391;0;3838;3840;0;0;0;0;0;0;0;0;27
$2;2;867000;1;0;-17;23754;7671;-603;391;0;3839;3841;0;0;0;0;0;0;0;0;16
