$2;1;0;1;0;0;23772;22858;0;380;0;3810;3808;3814;3812;3807;3814;0;0;0;0;45
$2;1;1000;1;0;0;23733;22855;0;380;0;3810;3808;3813;3812;3807;3814;0;0;0;0;19
$2;1;2000;1;0;0;23728;22856;0;380;0;3810;3808;3813;3812;3807;3814;0;0;0;0;25
$2;1;3000;1;0;1;23717;22862;0;380;0;3811;3808;3815;3812;3807;3813;0;0;0;0;18
$2;1;4000;1;0;13;23835;22871;0;380;0;3811;3809;3818;3812;3807;3813;0;0;0;0;39
$2;1;5000;1;0;10;23836;22868;0;380;0;3811;3809;3817;3811;3806;3813;0;0;0;0;35
$2;1;6000;1;0;7;23832;22864;0;380;0;3811;3808;3816;3811;3806;3813;0;0;0;0;30
$2;1;7000;1;0;5;23832;22860;0;380;0;3810;3808;3815;3811;3806;3813;0;0;0;0;27
$2;1;8000;1;0;14;23833;22855;0;380;0;3810;3807;3813;3811;3806;3813;0;0;0;0;42
$2;1;9000;1;0;41;23840;22853;0;380;0;3810;3807;3813;3811;3806;3812;0;0;0;0;40
$2;1;10000;1;0;56;23710;22857;0;380;0;3810;3808;3813;3811;3806;3813;0;0;0;0;22
$2;1;11000;1;0;79;23720;22885;0;380;0;3812;3812;3813;3816;3811;3815;0;0;0;0;24
$2;1;12000;1;0;116;23721;22911;0;380;0;3815;3816;3816;3818;3814;3819;0;0;0;0;47
$2;1;13000;1;0;165;23726;22939;1;380;0;3818;3821;3820;3820;3818;3823;0;0;0;0;36
$2;1;14000;1;0;220;23737;22966;1;380;0;3820;3825;3824;3821;3822;3827;0;0;0;0;44
$2;1;15000;1;0;273;23748;22992;2;380;0;3823;3829;3826;3824;3826;3832;0;0;0;0;35
$2;1;16000;1;0;309;23737;23010;3;380;0;3825;3832;3828;3825;3830;3836;0;0;0;0;39
$2;1;17000;1;0;298;23729;23001;4;380;0;3825;3831;3828;3825;3830;3836;0;0;0;0;36
$2;1;18000;1;0;280;23724;22993;5;380;0;3824;3830;3827;3825;3829;3835;0;0;0;0;41
$2;1;19000;1;0;295;23716;23008;6;380;0;3826;3842;3827;3825;3831;3836;0;0;0;0;41
$2;1;20000;1;0;348;23708;23043;7;380;0;3829;3842;3830;3828;3843;3842;0;0;0;0;33
$2;1;21000;1;0;359;23709;23049;8;380;0;3830;3841;3831;3829;3842;3843;0;0;0;0;47
$2;1;22000;1;0;370;23709;23058;9;380;0;3831;3842;3832;3830;3842;3844;0;0;0;0;40
$2;1;23000;1;0;386;23710;23068;10;380;0;3832;3843;3834;3831;3843;3845;0;0;0;0;22
$2;1;24000;1;0;394;23709;23073;11;380;0;3833;3845;3835;3833;3844;3846;0;0;0;0;17
$2;1;25000;1;0;396;23712;23076;13;380;0;3833;3845;3835;3833;3844;3846;0;0;0;0;31
$2;1;26000;1;0;398;23712;23078;14;380;0;3834;3846;3836;3834;3844;3846;0;0;0;0;27
$2;1;27000;1;0;395;23713;23078;15;380;0;3834;3846;3836;3834;3844;3846;0;0;0;0;23
$2;1;28000;1;0;394;23716;23079;16;380;0;3834;3847;3836;3834;3845;3846;0;0;0;0;30
$2;1;29000;1;0;393;23712;23081;17;380;0;3835;3847;3837;3835;3845;3846;0;0;0;0;27
$2;1;30000;1;0;399;23704;23086;18;380;0;3835;3848;3838;3835;3845;3847;0;0;0;0;23
$2;1;31000;1;0;400;23701;23087;19;380;0;3836;3848;3838;3835;3845;3847;0;0;0;0;23
$2;1;32000;1;0;399;23698;23088;20;380;0;3836;3848;3839;3835;3844;3847;0;0;0;0;23
$2;1;33000;1;0;398;23698;23087;21;380;0;3836;3848;3839;3836;3844;3847;0;0;0;0;26
$2;1;34000;1;0;398;23698;23090;22;380;0;3836;3849;3839;3836;3845;3848;0;0;0;0;23
$2;1;35000;1;0;399;23699;23092;24;380;0;3836;3849;3839;3836;3845;3848;0;0;0;0;18
$2;1;36000;1;0;400;23697;23093;25;380;0;3837;3849;3839;3836;3845;3848;0;0;0;0;25
$2;1;37000;1;0;401;23698;23095;26;380;0;3837;3849;3840;3837;3845;3848;0;0;0;0;28
$2;1;38000;1;0;400;23699;23096;27;380;0;3837;3850;3840;3837;3846;3849;0;0;0;0;27
$2;1;39000;1;0;401;23699;23097;28;380;0;3837;3850;3840;3837;3846;3849;0;0;0;0;21
$2;1;40000;1;0;400;23699;23098;29;380;0;3838;3850;3840;3837;3846;3849;0;0;0;0;27
$2;1;41000;1;0;398;23699;23098;30;380;0;3838;3850;3841;3837;3846;3849;0;0;0;0;21
$2;1;42000;1;0;399;23699;23100;31;380;0;3838;3850;3841;3837;3846;3849;0;0;0;0;22
$2;1;43000;1;0;400;23699;23101;33;380;0;3838;3850;3841;3838;3846;3850;0;0;0;0;20
$2;1;44000;1;0;400;23699;23103;34;380;0;3838;3851;3841;3838;3846;3850;0;0;0;0;23
$2;1;45000;1;0;400;23699;23103;35;380;0;3838;3851;3841;3838;3847;3850;0;0;0;0;22
$2;1;46000;1;0;400;23699;23103;36;380;0;3838;3851;3842;3838;3847;3850;0;0;0;0;21
$2;1;47000;1;0;400;23698;23104;37;382;0;3838;3851;3842;3838;3847;3850;0;0;0;0;17
$2;1;48000;1;0;400;23699;23105;38;382;0;3839;3851;3842;3838;3847;3850;0;0;0;0;16
$2;1;49000;1;0;398;23699;23105;39;382;0;3839;3851;3842;3838;3847;3850;0;0;0;0;22
$2;1;50000;1;0;399;23698;23106;40;382;0;3839;3851;3842;3839;3848;3850;0;0;0;0;29
$2;1;51000;1;0;398;23698;23105;42;382;0;3839;3851;3842;3839;3847;3850;0;0;0;0;19
$2;1;52000;1;0;400;23697;23108;43;382;0;3839;3851;3842;3839;3848;3851;0;0;0;0;27
$2;1;53000;1;0;401;23699;23110;44;382;0;3839;3852;3843;3839;3848;3851;0;0;0;0;25
$2;1;54000;1;0;402;23699;23111;45;382;0;3840;3852;3843;3839;3848;3851;0;0;0;0;19
$2;1;55000;1;0;401;23699;23111;46;382;0;3840;3852;3843;3839;3849;3851;0;0;0;0;19
$2;1;56000;1;0;400;23699;23112;47;382;0;3840;3852;3843;3839;3849;3851;0;0;0;0;19
$2;1;57000;1;0;399;23698;23112;48;382;0;3840;3852;3843;3839;3849;3851;0;0;0;0;27
$2;1;58000;1;0;397;23699;23111;49;382;0;3840;3852;3843;3839;3849;3852;0;0;0;0;26
$2;1;59000;1;0;397;23699;23113;50;382;0;3840;3852;3843;3840;3849;3852;0;0;0;0;31
$2;1;60000;1;0;400;23698;23115;52;384;0;3840;3853;3844;3840;3849;3852;0;0;0;0;25
$2;1;61000;1;0;402;23698;23116;53;384;0;3840;3853;3844;3840;3850;3852;0;0;0;0;16
$2;1;62000;1;0;402;23699;23116;54;384;0;3840;3853;3844;3840;3850;3852;0;0;0;0;21
$2;1;63000;1;0;401;23698;23117;55;384;0;3841;3853;3844;3840;3850;3852;0;0;0;0;23
$2;1;64000;1;0;400;23698;23117;56;384;0;3841;3853;3844;3840;3850;3852;0;0;0;0;18
$2;1;65000;1;0;400;23698;23117;57;384;0;3841;3853;3844;3840;3850;3852;0;0;0;0;18
$2;1;66000;1;0;399;23698;23118;58;384;0;3841;3853;3844;3840;3850;3852;0;0;0;0;22
$2;1;67000;1;0;398;23699;23117;59;387;0;3841;3853;3844;3841;3850;3852;0;0;0;0;27
$2;1;68000;1;0;394;23699;23116;60;387;0;3841;3853;3844;3840;3850;3852;0;0;0;0;18
$2;1;69000;1;0;400;23698;23121;62;387;0;3841;3854;3844;3841;3850;3853;0;0;0;0;25
$2;1;70000;1;0;404;23697;23123;63;387;0;3841;3854;3845;3841;3851;3853;0;0;0;0;25
$2;1;71000;1;0;401;23697;23121;64;387;0;3841;3854;3845;3841;3851;3853;0;0;0;0;24
$2;1;72000;1;0;398;23697;23120;65;387;0;3841;3853;3844;3841;3851;3853;0;0;0;0;26
$2;1;73000;1;0;397;23697;23120;66;387;0;3841;3854;3844;3841;3851;3853;0;0;0;0;16
$2;1;74000;1;0;396;23698;23120;67;387;0;3841;3854;3844;3841;3851;3853;0;0;0;0;24
$2;1;75000;1;0;400;23696;23123;68;387;0;3842;3854;3845;3841;3852;3854;0;0;0;0;21
$2;1;76000;1;0;403;23697;23126;69;387;0;3842;3854;3845;3841;3852;3854;0;0;0;0;16
$2;1;77000;1;0;400;23697;23124;71;387;0;3842;3854;3845;3841;3852;3854;0;0;0;0;25
$2;1;78000;1;0;397;23697;23122;72;389;0;3842;3854;3845;3841;3852;3854;0;0;0;0;20
$2;1;79000;1;0;398;23697;23124;73;389;0;3842;3854;3845;3841;3852;3854;0;0;0;0;29
$2;1;80000;1;0;399;23696;23126;74;389;0;3842;3855;3845;3842;3852;3854;0;0;0;0;28
$2;1;81000;1;0;400;23697;23127;75;389;0;3842;3855;3845;3842;3852;3854;0;0;0;0;27
$2;1;82000;1;0;401;23698;23127;76;389;0;3842;3855;3845;3842;3852;3854;0;0;0;0;21
$2;1;83000;1;0;401;23697;23129;77;389;0;3843;3855;3846;3842;3852;3854;0;0;0;0;22
$2;1;84000;1;0;399;23698;23127;78;389;0;3842;3855;3845;3842;3852;3854;0;0;0;0;27
$2;1;85000;1;0;393;23698;23124;79;389;0;3842;3854;3845;3842;3851;3854;0;0;0;0;16
$2;1;86000;1;0;400;23696;23129;80;391;0;3843;3855;3845;3842;3852;3854;0;0;0;0;17
$2;1;87000;1;0;404;23697;23132;82;391;0;3843;3856;3846;3843;3852;3855;0;0;0;0;29
$2;1;88000;1;0;403;23697;23132;83;391;0;3843;3856;3846;3843;3852;3855;0;0;0;0;20
$2;1;89000;1;0;398;23699;23129;84;391;0;3843;3855;3846;3843;3852;3855;0;0;0;0;16
$2;1;90000;1;0;396;23699;23129;85;391;0;3843;3855;3846;3843;3852;3855;0;0;0;0;23
$2;1;91000;1;0;397;23698;23131;86;391;0;3843;3855;3846;3843;3852;3855;0;0;0;0;28
$2;1;92000;1;0;398;23698;23131;87;391;0;3843;3856;3846;3843;3852;3855;0;0;0;0;18
$2;1;93000;1;0;400;23698;23132;88;391;0;3843;3856;3846;3843;3852;3855;0;0;0;0;25
$2;1;94000;1;0;399;23696;23132;89;391;0;3844;3856;3846;3843;3852;3855;0;0;0;0;17
$2;1;95000;1;0;399;23698;23134;90;391;0;3844;3856;3846;3843;3852;3855;0;0;0;0;16
$2;1;96000;1;0;400;23698;23135;92;391;0;3844;3856;3847;3843;3853;3856;0;0;0;0;20
$2;1;97000;1;0;401;23697;23135;93;394;0;3844;3856;3847;3844;3853;3856;0;0;0;0;24
$2;1;98000;1;0;401;23698;23136;94;394;0;3844;3856;3847;3844;3853;3856;0;0;0;0;28
$2;1;99000;1;0;401;23698;23135;95;394;0;3844;3856;3847;3844;3853;3856;0;0;0;0;31
$2;1;100000;1;0;400;23696;23135;96;394;0;3844;3857;3847;3844;3853;3856;0;0;0;0;35
$2;1;101000;1;0;400;23697;23135;97;394;0;3844;3857;3847;3844;3853;3856;0;0;0;0;34
$2;1;102000;1;0;399;23696;23136;98;394;0;3844;3857;3847;3844;3853;3856;0;0;0;0;43
$2;1;103000;1;0;399;23695;23136;99;394;0;3844;3857;3847;3844;3853;3856;0;0;0;0;40
$2;1;104000;1;0;399;23697;23137;100;394;0;3844;3857;3847;3844;3853;3856;0;0;0;0;29
$2;1;105000;1;0;397;23696;23136;102;394;0;3844;3857;3847;3844;3853;3856;0;0;0;0;16
$2;1;106000;1;0;399;23696;23138;103;394;0;3845;3857;3847;3844;3853;3856;0;0;0;0;19
$2;1;107000;1;0;402;23695;23140;104;396;0;3845;3857;3848;3845;3854;3857;0;0;0;0;22
$2;1;108000;1;0;403;23694;23140;105;396;0;3845;3857;3847;3845;3854;3857;0;0;0;0;23
$2;1;109000;1;0;402;23695;23140;106;396;0;3845;3857;3848;3845;3854;3857;0;0;0;0;26
$2;1;110000;1;0;400;23695;23140;107;396;0;3845;3857;3848;3845;3854;3857;0;0;0;0;17
$2;1;111000;1;0;399;23696;23139;108;396;0;3845;3857;3847;3845;3854;3857;0;0;0;0;26
$2;1;112000;1;0;398;23696;23140;109;396;0;3845;3857;3848;3845;3854;3857;0;0;0;0;24
$2;1;113000;1;0;397;23696;23140;110;396;0;3845;3857;3848;3845;3854;3857;0;0;0;0;30
$2;1;114000;1;0;396;23696;23141;112;396;0;3845;3857;3848;3845;3854;3857;0;0;0;0;27
$2;1;115000;1;0;401;23696;23144;113;396;0;3845;3858;3848;3845;3855;3857;0;0;0;0;25
$2;1;116000;1;0;402;23695;23144;114;398;0;3845;3858;3848;3845;3854;3857;0;0;0;0;18
$2;1;117000;1;0;401;23695;23145;115;398;0;3846;3858;3848;3845;3854;3857;0;0;0;0;19
$2;1;118000;1;0;399;23695;23142;116;398;0;3845;3858;3848;3846;3854;3857;0;0;0;0;30
$2;1;119000;1;0;394;23695;23140;117;398;0;3845;3857;3848;3845;3854;3857;0;0;0;0;29
$2;1;120000;1;0;398;23696;23144;118;398;0;3846;3858;3848;3845;3854;3857;0;0;0;0;31
$2;1;121000;1;0;400;23696;23146;119;398;0;3846;3858;3849;3846;3854;3858;0;0;0;0;22
$2;1;122000;1;0;401;23695;23147;120;398;0;3846;3858;3849;3846;3854;3858;0;0;0;0;28
$2;1;123000;1;0;402;23696;23146;122;398;0;3846;3858;3849;3846;3855;3858;0;0;0;0;31
$2;1;124000;1;0;401;23695;23147;123;398;0;3846;3858;3849;3846;3855;3858;0;0;0;0;24
$2;1;125000;1;0;401;23695;23147;124;398;0;3846;3858;3849;3846;3855;3858;0;0;0;0;30
$2;1;126000;1;0;400;23695;23148;125;398;0;3846;3858;3849;3846;3855;3858;0;0;0;0;18
$2;1;127000;1;0;400;23696;23148;126;398;0;3846;3858;3849;3846;3855;3858;0;0;0;0;19
$2;1;128000;1;0;400;23698;23148;127;401;0;3846;3858;3849;3846;3855;3858;0;0;0;0;20
$2;1;129000;1;0;399;23696;23148;128;401;0;3846;3858;3849;3846;3855;3858;0;0;0;0;19
$2;1;130000;1;0;398;23696;23149;129;401;0;3846;3858;3849;3846;3855;3858;0;0;0;0;26
$2;1;131000;1;0;397;23696;23148;130;401;0;3847;3858;3849;3847;3855;3858;0;0;0;0;29
$2;1;132000;1;0;396;23695;23148;132;401;0;3847;3858;3849;3847;3855;3858;0;0;0;0;30
$2;1;133000;1;0;399;23694;23151;133;401;0;3847;3859;3850;3847;3855;3858;0;0;0;0;17
$2;1;134000;1;0;402;23695;23152;134;401;0;3847;3859;3850;3847;3855;3858;0;0;0;0;22
$2;1;135000;1;0;402;23695;23153;135;401;0;3847;3859;3850;3847;3855;3859;0;0;0;0;22
$2;1;136000;1;0;402;23695;23153;136;403;0;3847;3859;3850;3847;3856;3859;0;0;0;0;23
$2;1;137000;1;0;400;23696;23153;137;403;0;3847;3859;3850;3847;3856;3859;0;0;0;0;22
$2;1;138000;1;0;399;23695;23154;138;403;0;3847;3859;3850;3847;3856;3858;0;0;0;0;20
$2;1;139000;1;0;398;23695;23152;139;403;0;3847;3859;3850;3847;3856;3859;0;0;0;0;18
$2;1;140000;1;0;398;23694;23152;140;403;0;3847;3859;3850;3847;3856;3859;0;0;0;0;19
$2;1;141000;1;0;397;23694;23151;142;403;0;3847;3859;3850;3847;3856;3859;0;0;0;0;28
$2;1;142000;1;0;398;23695;23153;143;403;0;3847;3858;3850;3847;3856;3859;0;0;0;0;19
$2;1;143000;1;0;402;23695;23155;144;403;0;3848;3858;3851;3848;3856;3859;0;0;0;0;22
$2;1;144000;1;0;403;23695;23154;145;403;0;3848;3858;3851;3848;3856;3859;0;0;0;0;16
$2;1;145000;1;0;401;23695;23154;146;403;0;3848;3857;3851;3847;3856;3859;0;0;0;0;16
$2;1;146000;1;0;399;23694;23153;147;403;0;3848;3857;3851;3847;3856;3859;0;0;0;0;18
$2;1;147000;1;0;397;23695;23152;148;403;0;3848;3857;3851;3847;3856;3859;0;0;0;0;18
$2;1;148000;1;0;397;23694;23153;149;403;0;3848;3857;3851;3847;3856;3859;0;0;0;0;28
$2;1;149000;1;0;397;23694;23154;150;403;0;3848;3857;3851;3847;3856;3859;0;0;0;0;18
$2;1;150000;1;0;399;23695;23155;152;405;0;3848;3857;3851;3848;3856;3859;0;0;0;0;31
$2;1;151000;1;0;401;23695;23157;153;405;0;3848;3858;3852;3848;3856;3859;0;0;0;0;23
$2;1;152000;1;0;404;23695;23157;154;405;0;3849;3858;3852;3848;3856;3860;0;0;0;0;29
$2;1;153000;1;0;404;23695;23157;155;405;0;3849;3858;3852;3848;3855;3859;0;0;0;0;20
$2;1;154000;1;0;401;23695;23155;156;405;0;3848;3858;3852;3848;3855;3859;0;0;0;0;22
$2;1;155000;1;0;398;23695;23154;157;405;0;3848;3857;3852;3848;3855;3859;0;0;0;0;31
$2;1;156000;1;0;398;23695;23154;158;405;0;3848;3857;3852;3848;3855;3860;0;0;0;0;25
$2;1;157000;1;0;397;23695;23154;159;405;0;3848;3857;3852;3848;3855;3860;0;0;0;0;22
$2;1;158000;1;0;397;23695;23154;160;405;0;3849;3857;3852;3848;3855;3860;0;0;0;0;18
$2;1;159000;1;0;399;23695;23156;162;405;0;3849;3858;3852;3848;3855;3860;0;0;0;0;18
$2;1;160000;1;0;400;23693;23157;163;405;0;3849;3858;3852;3848;3855;3860;0;0;0;0;25
$2;1;161000;1;0;401;23694;23157;164;405;0;3849;3858;3853;3848;3855;3860;0;0;0;0;24
$2;1;162000;1;0;401;23693;23157;165;405;0;3849;3858;3853;3848;3855;3860;0;0;0;0;29
$2;1;163000;1;0;401;23693;23158;166;405;0;3849;3858;3853;3848;3855;3860;0;0;0;0;16
$2;1;164000;1;0;401;23694;23159;167;405;0;3849;3858;3853;3849;3856;3860;0;0;0;0;18
$2;1;165000;1;0;398;23694;23158;168;405;0;3849;3858;3853;3848;3856;3860;0;0;0;0;27
$2;1;166000;1;0;397;23695;23158;169;405;0;3849;3858;3853;3848;3856;3860;0;0;0;0;23
$2;1;167000;1;0;398;23692;23160;170;405;0;3849;3858;3853;3848;3857;3860;0;0;0;0;28
$2;1;168000;1;0;398;23692;23160;171;405;0;3849;3858;3853;3848;3857;3860;0;0;0;0;18
$2;1;169000;1;0;400;23693;23161;173;405;0;3850;3858;3853;3848;3857;3860;0;0;0;0;31
$2;1;170000;1;0;399;23695;23162;174;408;0;3850;3858;3853;3848;3857;3860;0;0;0;0;31
$2;1;171000;1;0;399;23695;23162;175;408;0;3850;3859;3854;3848;3857;3860;0;0;0;0;25
$2;1;172000;1;0;399;23695;23164;176;408;0;3850;3859;3854;3849;3857;3860;0;0;0;0;30
$2;1;173000;1;0;399;23695;23163;177;408;0;3850;3859;3854;3849;3857;3861;0;0;0;0;24
$2;1;174000;1;0;399;23694;23164;178;408;0;3850;3859;3854;3849;3857;3861;0;0;0;0;22
$2;1;175000;1;0;402;23693;23166;179;408;0;3850;3859;3854;3849;3857;3861;0;0;0;0;22
$2;1;176000;1;0;403;23693;23167;180;408;0;3851;3859;3854;3849;3858;3861;0;0;0;0;29
$2;1;177000;1;0;402;23695;23166;181;408;0;3850;3859;3854;3849;3858;3861;0;0;0;0;26
$2;1;178000;1;0;399;23695;23164;183;408;0;3850;3859;3854;3849;3858;3861;0;0;0;0;16
$2;1;179000;1;0;395;23695;23163;184;408;0;3850;3859;3854;3849;3857;3861;0;0;0;0;18
$2;1;180000;1;0;398;23693;23166;185;408;0;3851;3859;3854;3849;3858;3861;0;0;0;0;21
$2;1;181000;1;0;402;23693;23168;186;408;0;3851;3859;3854;3849;3858;3861;0;0;0;0;29
$2;1;182000;1;0;403;23694;23168;187;408;0;3851;3859;3854;3849;3857;3861;0;0;0;0;22
$2;1;183000;1;0;400;23695;23167;188;408;0;3851;3859;3854;3849;3857;3861;0;0;0;0;21
$2;1;184000;1;0;397;23693;23165;189;408;0;3851;3859;3854;3849;3857;3861;0;0;0;0;30
$2;1;185000;1;0;397;23694;23167;190;408;0;3851;3859;3854;3849;3857;3861;0;0;0;0;18
$2;1;186000;1;0;399;23694;23168;191;408;0;3851;3859;3855;3849;3858;3861;0;0;0;0;31
$2;1;187000;1;0;400;23695;23170;192;408;0;3851;3860;3854;3849;3858;3861;0;0;0;0;25
$2;1;188000;1;0;399;23693;23170;194;408;0;3851;3860;3855;3849;3858;3861;0;0;0;0;16
$2;1;189000;1;0;399;23693;23170;195;408;0;3851;3860;3854;3849;3858;3861;0;0;0;0;17
$2;1;190000;1;0;398;23693;23170;196;408;0;3851;3860;3854;3850;3858;3861;0;0;0;0;19
$2;1;191000;1;0;401;23694;23173;197;408;0;3852;3860;3855;3850;3858;3862;0;0;0;0;17
$2;1;192000;1;0;404;23694;23173;198;408;0;3852;3860;3855;3850;3859;3862;0;0;0;0;25
$2;1;193000;1;0;402;23694;23173;199;408;0;3852;3860;3855;3850;3859;3862;0;0;0;0;31
$2;1;194000;1;0;398;23695;23170;200;408;0;3852;3860;3855;3850;3858;3862;0;0;0;0;28
$2;1;195000;1;0;396;23694;23170;201;408;0;3852;3860;3854;3850;3859;3861;0;0;0;0;16
$2;1;196000;1;0;398;23692;23172;202;408;0;3852;3860;3855;3850;3858;3862;0;0;0;0;25
$2;1;197000;1;0;401;23692;23173;203;408;0;3852;3860;3855;3850;3859;3862;0;0;0;0;30
$2;1;198000;1;0;403;23691;23174;205;408;0;3852;3860;3855;3850;3859;3862;0;0;0;0;17
$2;1;199000;1;0;403;23691;23175;206;408;0;3852;3860;3855;3850;3859;3862;0;0;0;0;18
$2;1;200000;1;0;400;23694;23173;207;408;0;3852;3860;3855;3850;3859;3862;0;0;0;0;16
$2;1;201000;1;0;394;23693;23169;208;408;0;3852;3860;3855;3850;3859;3862;0;0;0;0;24
$2;1;202000;1;0;386;23695;23166;209;408;0;3852;3859;3854;3849;3858;3861;0;0;0;0;17
$2;1;203000;1;0;394;23694;23173;210;408;0;3852;3860;3855;3850;3859;3862;0;0;0;0;31
$2;1;204000;1;0;400;23691;23176;211;408;0;3853;3861;3855;3851;3859;3862;0;0;0;0;18
$2;1;205000;1;0;400;23692;23176;212;408;0;3853;3861;3855;3851;3859;3862;0;0;0;0;19
$2;1;206000;1;0;397;23693;23174;213;408;0;3853;3860;3855;3850;3859;3862;0;0;0;0;27
$2;1;207000;1;0;396;23693;23175;214;408;0;3853;3860;3855;3851;3859;3862;0;0;0;0;28
$2;1;208000;1;0;395;23694;23175;216;408;0;3853;3860;3855;3851;3859;3862;0;0;0;0;21
$2;1;209000;1;0;401;23694;23180;217;408;0;3853;3861;3856;3851;3860;3862;0;0;0;0;29
$2;1;210000;1;0;403;23693;23180;218;408;0;3853;3861;3856;3851;3860;3863;0;0;0;0;30
$2;1;211000;1;0;401;23694;23179;219;408;0;3853;3861;3856;3851;3860;3863;0;0;0;0;29
$2;1;212000;1;0;396;23694;23176;220;408;0;3853;3861;3856;3851;3860;3862;0;0;0;0;19
$2;1;213000;1;0;392;23694;23175;221;408;0;3853;3860;3855;3851;3860;3862;0;0;0;0;22
$2;1;214000;1;0;401;23692;23181;222;408;0;3854;3861;3856;3851;3860;3863;0;0;0;0;22
$2;1;215000;1;0;403;23691;23182;223;408;0;3854;3861;3856;3851;3861;3863;0;0;0;0;21
$2;1;216000;1;0;399;23693;23180;225;408;0;3854;3861;3856;3851;3860;3863;0;0;0;0;21
$2;1;217000;1;0;397;23693;23179;226;408;0;3854;3861;3856;3851;3860;3862;0;0;0;0;30
$2;1;218000;1;0;398;23692;23180;227;408;0;3854;3861;3856;3851;3860;3863;0;0;0;0;25
$2;1;219000;1;0;398;23693;23180;228;408;0;3854;3861;3856;3851;3861;3863;0;0;0;0;23
$2;1;220000;1;0;400;23693;23183;229;408;0;3854;3861;3857;3851;3861;3863;0;0;0;0;24
$2;1;221000;1;0;401;23693;23183;230;408;0;3854;3862;3857;3852;3861;3863;0;0;0;0;16
$2;1;222000;1;0;401;23692;23183;231;408;0;3854;3862;3857;3852;3861;3863;0;0;0;0;19
$2;1;223000;1;0;400;23692;23183;232;408;0;3854;3862;3857;3852;3861;3863;0;0;0;0;16
$2;1;224000;1;0;399;23692;23183;233;408;0;3854;3862;3857;3852;3861;3863;0;0;0;0;17
$2;1;225000;1;0;400;23692;23183;235;408;0;3854;3862;3856;3851;3861;3863;0;0;0;0;19
$2;1;226000;1;0;400;23693;23184;236;408;0;3855;3862;3857;3852;3861;3863;0;0;0;0;22
$2;1;227000;1;0;399;23692;23183;237;408;0;3855;3862;3857;3852;3861;3863;0;0;0;0;23
$2;1;228000;1;0;400;23693;23185;238;408;0;3855;3862;3857;3852;3861;3863;0;0;0;0;23
$2;1;229000;1;0;400;23693;23186;239;408;0;3855;3862;3856;3852;3861;3863;0;0;0;0;21
$2;1;230000;1;0;398;23692;23185;240;408;0;3855;3862;3857;3852;3861;3863;0;0;0;0;22
$2;1;231000;1;0;398;23694;23186;241;408;0;3855;3862;3857;3853;3861;3863;0;0;0;0;18
$2;1;232000;1;0;401;23693;23188;242;408;0;3855;3862;3857;3853;3861;3864;0;0;0;0;27
$2;1;233000;1;0;400;23693;23189;243;408;0;3855;3862;3857;3853;3861;3864;0;0;0;0;27
$2;1;234000;1;0;400;23694;23188;245;408;0;3855;3862;3857;3853;3861;3864;0;0;0;0;28
$2;1;235000;1;0;396;23693;23186;246;408;0;3855;3862;3857;3852;3861;3864;0;0;0;0;30
$2;1;236000;1;0;394;23693;23186;247;408;0;3855;3862;3857;3852;3861;3864;0;0;0;0;30
$2;1;237000;1;0;400;23692;23192;248;408;0;3856;3862;3858;3852;3862;3864;0;0;0;0;17
$2;1;238000;1;0;404;23691;23194;249;408;0;3856;3863;3858;3853;3863;3865;0;0;0;0;30
$2;1;239000;1;0;401;23692;23192;250;408;0;3856;3863;3858;3853;3862;3865;0;0;0;0;22
$2;1;240000;1;0;397;23695;23190;251;408;0;3856;3863;3858;3853;3862;3864;0;0;0;0;21
$2;1;241000;1;0;394;23692;23190;252;408;0;3856;3863;3858;3853;3862;3864;0;0;0;0;19
$2;1;242000;1;0;400;23691;23196;253;405;0;3856;3863;3858;3854;3863;3865;0;0;0;0;20
$2;1;243000;1;0;404;23691;23199;255;405;0;3856;3864;3859;3854;3863;3865;0;0;0;0;30
$2;1;244000;1;0;401;23691;23196;256;405;0;3856;3863;3859;3854;3863;3865;0;0;0;0;23
$2;1;245000;1;0;399;23691;23196;257;405;0;3856;3863;3859;3854;3863;3865;0;0;0;0;17
$2;1;246000;1;0;399;23692;23196;258;405;0;3856;3863;3859;3854;3863;3865;0;0;0;0;30
$2;1;247000;1;0;398;23692;23196;259;405;0;3856;3863;3859;3854;3863;3866;0;0;0;0;28
$2;1;248000;1;0;396;23692;23196;260;405;0;3856;3863;3859;3854;3863;3866;0;0;0;0;23
$2;1;249000;1;0;398;23691;23199;261;405;0;3856;3864;3859;3854;3864;3865;0;0;0;0;22
$2;1;250000;1;0;401;23691;23201;262;405;0;3857;3864;3859;3855;3864;3866;0;0;0;0;27
$2;1;251000;1;0;404;23691;23201;263;405;0;3857;3864;3859;3855;3864;3866;0;0;0;0;30
$2;1;252000;1;0;401;23691;23199;265;405;0;3857;3864;3859;3855;3863;3866;0;0;0;0;27
$2;1;253000;1;0;397;23691;23199;266;405;0;3857;3864;3859;3854;3863;3866;0;0;0;0;16
$2;1;254000;1;0;396;23694;23199;267;405;0;3857;3864;3859;3854;3863;3866;0;0;0;0;18
$2;1;255000;1;0;398;23693;23199;268;405;0;3857;3864;3859;3855;3863;3865;0;0;0;0;23
$2;1;256000;1;0;398;23692;23200;269;405;0;3857;3864;3859;3855;3863;3865;0;0;0;0;23
$2;1;257000;1;0;400;23692;23201;270;405;0;3857;3864;3860;3855;3863;3865;0;0;0;0;19
$2;1;258000;1;0;401;23692;23202;271;405;0;3857;3864;3860;3855;3863;3866;0;0;0;0;28
$2;1;259000;1;0;400;23691;23202;272;405;0;3858;3864;3860;3855;3864;3866;0;0;0;0;20
$2;1;260000;1;0;401;23691;23202;273;405;0;3858;3864;3859;3855;3864;3866;0;0;0;0;20
$2;1;261000;1;0;401;23691;23202;274;405;0;3858;3864;3860;3855;3864;3866;0;0;0;0;24
$2;1;262000;1;0;402;23691;23202;276;405;0;3858;3864;3860;3855;3864;3865;0;0;0;0;25
$2;1;263000;1;0;401;23691;23202;277;405;0;3858;3864;3861;3855;3864;3865;0;0;0;0;27
$2;1;264000;1;0;398;23692;23199;278;405;0;3858;3864;3861;3855;3863;3865;0;0;0;0;17
$2;1;265000;1;0;395;23692;23199;279;405;0;3858;3864;3861;3855;3863;3865;0;0;0;0;28
$2;1;266000;1;0;399;23691;23202;280;405;0;3858;3864;3861;3855;3863;3865;0;0;0;0;23
$2;1;267000;1;0;403;23691;23205;281;405;0;3858;3864;3861;3856;3863;3865;0;0;0;0;23
$2;1;268000;1;0;402;23691;23204;282;403;0;3858;3864;3861;3856;3863;3865;0;0;0;0;29
$2;1;269000;1;0;399;23692;23202;283;403;0;3858;3864;3861;3856;3863;3865;0;0;0;0;29
$2;1;270000;1;0;395;23692;23201;284;403;0;3858;3864;3861;3855;3863;3865;0;0;0;0;30
$2;1;271000;1;0;398;23691;23205;286;403;0;3858;3864;3861;3856;3864;3865;0;0;0;0;19
$2;1;272000;1;0;400;23692;23206;287;403;0;3858;3864;3862;3856;3864;3865;0;0;0;0;20
$2;1;273000;1;0;399;23691;23207;288;403;0;3859;3864;3862;3856;3864;3865;0;0;0;0;30
$2;1;274000;1;0;399;23691;23207;289;403;0;3859;3864;3862;3856;3864;3866;0;0;0;0;27
$2;1;275000;1;0;398;23692;23208;290;403;0;3859;3864;3862;3856;3864;3866;0;0;0;0;31
$2;1;276000;1;0;398;23692;23208;291;403;0;3859;3864;3862;3856;3864;3866;0;0;0;0;29
$2;1;277000;1;0;400;23692;23209;292;403;0;3859;3865;3862;3856;3864;3866;0;0;0;0;25
$2;1;278000;1;0;401;23691;23210;293;403;0;3859;3865;3862;3856;3864;3866;0;0;0;0;29
$2;1;279000;1;0;403;23692;23210;294;403;0;3859;3865;3863;3857;3864;3866;0;0;0;0;26
$2;1;280000;1;0;402;23691;23211;296;403;0;3859;3865;3863;3857;3864;3866;0;0;0;0;29
$2;1;281000;1;0;402;23690;23212;297;403;0;3859;3865;3863;3856;3865;3866;0;0;0;0;31
$2;1;282000;1;0;399;23692;23210;298;403;0;3859;3865;3863;3857;3864;3866;0;0;0;0;22
$2;1;283000;1;0;397;23693;23210;299;403;0;3859;3865;3863;3857;3864;3866;0;0;0;0;25
$2;1;284000;1;0;397;23692;23211;300;403;0;3859;3865;3863;3857;3865;3866;0;0;0;0;30
$2;1;285000;1;0;401;23692;23214;301;403;0;3860;3865;3863;3857;3865;3867;0;0;0;0;24
$2;1;286000;1;0;404;23691;23215;302;403;0;3860;3865;3863;3857;3865;3867;0;0;0;0;31
$2;1;287000;1;0;400;23691;23213;303;403;0;3860;3865;3863;3857;3865;3867;0;0;0;0;29
$2;1;288000;1;0;393;23692;23209;304;403;0;3860;3864;3863;3857;3864;3866;0;0;0;0;17
$2;1;289000;1;0;401;23689;23215;305;403;0;3860;3865;3864;3857;3865;3867;0;0;0;0;28
$2;1;290000;1;0;402;23689;23215;307;403;0;3860;3865;3864;3857;3865;3867;0;0;0;0;21
$2;1;291000;1;0;402;23689;23217;308;403;0;3860;3865;3864;3857;3866;3867;0;0;0;0;26
$2;1;292000;1;0;400;23690;23215;309;401;0;3860;3865;3864;3857;3865;3867;0;0;0;0;17
$2;1;293000;1;0;400;23690;23215;310;401;0;3860;3865;3864;3857;3865;3867;0;0;0;0;24
$2;1;294000;1;0;400;23690;23215;311;401;0;3860;3865;3864;3857;3865;3867;0;0;0;0;30
$2;1;295000;1;0;400;23691;23215;312;401;0;3861;3865;3864;3857;3865;3867;0;0;0;0;28
$2;1;296000;1;0;399;23692;23216;313;401;0;3861;3865;3864;3858;3865;3867;0;0;0;0;22
$2;1;297000;1;0;398;23691;23217;314;401;0;3861;3865;3864;3858;3865;3867;0;0;0;0;19
$2;1;298000;1;0;396;23692;23217;315;401;0;3861;3866;3864;3858;3866;3868;0;0;0;0;31
$2;1;299000;1;0;398;23691;23219;317;401;0;3861;3866;3864;3858;3866;3868;0;0;0;0;31
$2;1;300000;1;0;399;23690;23221;318;401;0;3861;3866;3865;3858;3866;3868;0;0;0;0;27
$2;1;301000;1;0;401;23690;23222;319;401;0;3861;3866;3865;3859;3867;3868;0;0;0;0;30
$2;1;302000;1;0;402;23689;23222;320;401;0;3861;3866;3865;3859;3866;3868;0;0;0;0;29
$2;1;303000;1;0;401;23689;23221;321;401;0;3861;3866;3865;3859;3866;3868;0;0;0;0;29
$2;1;304000;1;0;401;23689;23221;322;401;0;3861;3866;3865;3859;3866;3868;0;0;0;0;25
$2;1;305000;1;0;399;23691;23222;323;401;0;3861;3866;3865;3859;3866;3868;0;0;0;0;21
$2;1;306000;1;0;397;23691;23222;324;401;0;3861;3866;3865;3859;3866;3868;0;0;0;0;31
$2;1;307000;1;0;396;23690;23222;325;401;0;3861;3866;3865;3859;3866;3869;0;0;0;0;30
$2;1;308000;1;0;400;23691;23226;327;401;0;3862;3867;3865;3859;3867;3869;0;0;0;0;29
$2;1;309000;1;0;402;23689;23228;328;401;0;3862;3867;3866;3860;3867;3869;0;0;0;0;31
$2;1;310000;1;0;403;23688;23228;329;401;0;3862;3867;3866;3860;3867;3869;0;0;0;0;22
$2;1;311000;1;0;401;23690;23228;330;401;0;3862;3867;3866;3859;3867;3869;0;0;0;0;30
$2;1;312000;1;0;400;23690;23227;331;401;0;3862;3867;3866;3859;3867;3869;0;0;0;0;18
$2;1;313000;1;0;401;23691;23228;332;401;0;3862;3867;3866;3859;3867;3869;0;0;0;0;31
$2;1;314000;1;0;401;23690;23227;333;401;0;3862;3867;3866;3860;3867;3869;0;0;0;0;29
$2;1;315000;1;0;400;23690;23227;334;401;0;3862;3867;3866;3860;3867;3869;0;0;0;0;26
$2;1;316000;1;0;398;23689;23228;335;401;0;3862;3867;3866;3860;3867;3869;0;0;0;0;25
$2;1;317000;1;0;398;23689;23227;337;401;0;3862;3867;3866;3860;3867;3869;0;0;0;0;21
$2;1;318000;1;0;397;23690;23226;338;401;0;3862;3867;3866;3860;3867;3869;0;0;0;0;19
$2;1;319000;1;0;392;23691;23226;339;401;0;3862;3867;3866;3859;3867;3869;0;0;0;0;29
$2;1;320000;1;0;398;23690;23232;340;401;0;3863;3868;3866;3860;3868;3870;0;0;0;0;20
$2;1;321000;1;0;403;23690;23234;341;401;0;3863;3868;3867;3860;3868;3870;0;0;0;0;22
$2;1;322000;1;0;399;23690;23231;342;401;0;3863;3868;3867;3860;3868;3870;0;0;0;0;23
$2;1;323000;1;0;395;23689;23231;343;401;0;3863;3868;3866;3860;3868;3870;0;0;0;0;18
$2;1;324000;1;0;400;23689;23235;344;401;0;3863;3868;3867;3860;3868;3871;0;0;0;0;29
$2;1;325000;1;0;402;23689;23236;345;401;0;3863;3868;3867;3861;3868;3871;0;0;0;0;29
$2;1;326000;1;0;403;23688;23237;347;401;0;3863;3868;3867;3861;3869;3871;0;0;0;0;28
$2;1;327000;1;0;399;23691;23235;348;401;0;3863;3868;3867;3861;3869;3871;0;0;0;0;28
$2;1;328000;1;0;394;23691;23234;349;401;0;3863;3868;3867;3861;3868;3870;0;0;0;0;30
$2;1;329000;1;0;401;23687;23238;350;401;0;3864;3869;3867;3861;3869;3870;0;0;0;0;16
$2;1;330000;1;0;405;23687;23240;351;401;0;3864;3869;3867;3861;3869;3871;0;0;0;0;19
$2;1;331000;1;0;401;23690;23238;352;401;0;3864;3869;3868;3861;3869;3870;0;0;0;0;18
$2;1;332000;1;0;396;23690;23237;353;401;0;3864;3869;3867;3861;3869;3870;0;0;0;0;25
$2;1;333000;1;0;396;23689;23237;354;401;0;3864;3869;3868;3861;3869;3870;0;0;0;0;24
$2;1;334000;1;0;399;23690;23240;355;401;0;3864;3869;3868;3861;3869;3871;0;0;0;0;24
$2;1;335000;1;0;399;23688;23240;356;401;0;3864;3869;3868;3861;3869;3871;0;0;0;0;19
$2;1;336000;1;0;400;23687;23241;358;398;0;3864;3869;3868;3861;3870;3872;0;0;0;0;27
$2;1;337000;1;0;402;23689;23243;359;401;0;3864;3870;3868;3862;3870;3872;0;0;0;0;25
$2;1;338000;1;0;398;23691;23239;360;401;0;3864;3869;3868;3861;3869;3871;0;0;0;0;28
$2;1;339000;1;0;391;23691;23237;361;401;0;3864;3869;3868;3861;3869;3871;0;0;0;0;27
$2;1;340000;1;0;398;23689;23243;362;401;0;3865;3870;3868;3862;3870;3872;0;0;0;0;20
$2;1;341000;1;0;402;23688;23245;363;401;0;3865;3870;3868;3862;3870;3872;0;0;0;0;23
$2;1;342000;1;0;401;23688;23244;364;401;0;3865;3870;3869;3862;3870;3872;0;0;0;0;16
$2;1;343000;1;0;393;23691;23240;365;401;0;3865;3869;3868;3862;3869;3871;0;0;0;0;18
$2;1;344000;1;0;399;23690;23245;366;401;0;3865;3870;3868;3862;3870;3872;0;0;0;0;27
$2;1;345000;1;0;403;23688;23247;368;401;0;3865;3870;3869;3863;3870;3872;0;0;0;0;27
$2;1;346000;1;0;403;23689;23247;369;401;0;3865;3870;3869;3863;3870;3872;0;0;0;0;24
$2;1;347000;1;0;400;23690;23246;370;401;0;3865;3870;3869;3863;3870;3872;0;0;0;0;27
$2;1;348000;1;0;398;23689;23246;371;401;0;3865;3870;3869;3863;3870;3872;0;0;0;0;27
$2;1;349000;1;0;397;23689;23245;372;401;0;3865;3870;3869;3863;3870;3872;0;0;0;0;21
$2;1;350000;1;0;396;23690;23245;373;401;0;3865;3870;3869;3863;3870;3872;0;0;0;0;21
$2;1;351000;1;0;400;23689;23248;374;401;0;3866;3870;3869;3863;3870;3872;0;0;0;0;29
$2;1;352000;1;0;404;23688;23250;375;401;0;3866;3870;3869;3863;3871;3873;0;0;0;0;19
$2;1;353000;1;0;402;23689;23249;376;398;0;3866;3870;3869;3863;3871;3873;0;0;0;0;25
$2;1;354000;1;0;399;23688;23248;378;398;0;3866;3870;3869;3863;3871;3872;0;0;0;0;20
$2;1;355000;1;0;398;23688;23249;379;398;0;3866;3870;3869;3863;3871;3872;0;0;0;0;20
$2;1;356000;1;0;397;23688;23249;380;398;0;3866;3870;3869;3863;3871;3873;0;0;0;0;31
$2;1;357000;1;0;398;23688;23250;381;398;0;3866;3871;3870;3863;3871;3873;0;0;0;0;17
$2;1;358000;1;0;399;23688;23253;382;398;0;3866;3871;3870;3863;3871;3873;0;0;0;0;31
$2;1;359000;1;0;401;23690;23254;383;398;0;3866;3872;3870;3863;3872;3874;0;0;0;0;16
$2;1;360000;1;0;402;23689;23254;384;398;0;3867;3872;3870;3864;3872;3873;0;0;0;0;23
$2;1;361000;1;0;402;23689;23255;385;398;0;3867;3872;3870;3864;3872;3874;0;0;0;0;17
$2;1;362000;1;0;401;23689;23255;386;398;0;3867;3872;3870;3864;3871;3873;0;0;0;0;22
$2;1;363000;1;0;400;23688;23255;388;398;0;3867;3871;3870;3865;3871;3873;0;0;0;0;27
$2;1;364000;1;0;400;23688;23255;389;398;0;3867;3871;3870;3865;3871;3873;0;0;0;0;29
$2;1;365000;1;0;399;23689;23256;390;398;0;3867;3871;3870;3865;3872;3874;0;0;0;0;21
$2;1;366000;1;0;399;23689;23256;391;398;0;3867;3871;3870;3865;3872;3874;0;0;0;0;23
$2;1;367000;1;0;398;23688;23256;392;398;0;3867;3871;3870;3865;3872;3874;0;0;0;0;21
$2;1;368000;1;0;397;23688;23256;393;398;0;3867;3872;3870;3865;3872;3874;0;0;0;0;23
$2;1;369000;1;0;399;23686;23259;394;398;0;3867;3872;3871;3865;3872;3874;0;0;0;0;31
$2;1;370000;1;0;403;23686;23261;395;398;0;3867;3873;3871;3865;3873;3874;0;0;0;0;25
$2;1;371000;1;0;403;23688;23262;396;398;0;3867;3873;3871;3865;3873;3875;0;0;0;0;23
$2;1;372000;1;0;398;23689;23258;398;398;0;3867;3872;3871;3865;3872;3874;0;0;0;0;22
$2;1;373000;1;0;394;23689;23257;399;398;0;3867;3872;3871;3864;3872;3874;0;0;0;0;20
$2;1;374000;1;0;402;23688;23263;400;398;0;3868;3873;3871;3865;3873;3875;0;0;0;0;21
$2;1;375000;1;0;404;23687;23264;401;398;0;3868;3873;3871;3865;3873;3875;0;0;0;0;27
$2;1;376000;1;0;398;23687;23260;402;398;0;3868;3872;3871;3865;3873;3875;0;0;0;0;28
$2;1;377000;1;0;395;23689;23261;403;398;0;3868;3873;3871;3865;3873;3875;0;0;0;0;31
$2;1;378000;1;0;398;23688;23263;404;398;0;3868;3873;3871;3865;3873;3875;0;0;0;0;25
$2;1;379000;1;0;400;23686;23265;405;398;0;3868;3873;3872;3866;3873;3875;0;0;0;0;23
$2;1;380000;1;0;402;23687;23265;406;398;0;3868;3873;3871;3866;3874;3875;0;0;0;0;21
$2;1;381000;1;0;402;23687;23266;407;398;0;3868;3874;3872;3866;3874;3875;0;0;0;0;18
$2;1;382000;1;0;401;23687;23266;409;398;0;3868;3874;3872;3866;3873;3875;0;0;0;0;27
$2;1;383000;1;0;400;23688;23266;410;398;0;3868;3874;3872;3866;3873;3875;0;0;0;0;28
$2;1;384000;1;0;398;23688;23266;411;398;0;3868;3874;3872;3866;3873;3875;0;0;0;0;28
$2;1;385000;1;0;396;23687;23265;412;398;0;3868;3874;3872;3866;3873;3875;0;0;0;0;28
$2;1;386000;1;0;396;23689;23266;413;398;0;3869;3874;3871;3866;3873;3875;0;0;0;0;17
$2;1;387000;1;0;395;23688;23266;414;401;0;3869;3875;3871;3867;3873;3875;0;0;0;0;18
$2;1;388000;1;0;395;23688;23266;415;398;0;3869;3875;3871;3867;3873;3874;0;0;0;0;26
$2;1;389000;1;0;395;23688;23266;416;398;0;3869;3874;3871;3867;3873;3875;0;0;0;0;24
$2;1;390000;1;0;391;23688;23263;417;398;0;3869;3874;3871;3867;3873;3874;0;0;0;0;17
$2;1;391000;1;0;389;23689;23264;418;398;0;3869;3874;3871;3867;3873;3874;0;0;0;0;16
$2;1;392000;1;0;397;23687;23270;419;401;0;3869;3875;3871;3868;3873;3875;0;0;0;0;30
$2;1;393000;1;0;398;23686;23269;421;401;0;3869;3874;3871;3868;3874;3874;0;0;0;0;21
$2;1;394000;1;0;398;23687;23269;422;401;0;3869;3874;3872;3868;3874;3875;0;0;0;0;18
$2;1;395000;1;0;399;23690;23270;423;401;0;3870;3874;3872;3868;3874;3875;0;0;0;0;21
$2;1;396000;1;0;397;23692;23269;424;398;0;3870;3874;3872;3868;3874;3874;0;0;0;0;19
$2;1;397000;1;0;397;23693;23269;425;401;0;3870;3874;3872;3868;3874;3875;0;0;0;0;20
$2;1;398000;1;0;397;23693;23269;426;401;0;3870;3874;3872;3868;3874;3875;0;0;0;0;24
$2;1;399000;1;0;392;23690;23266;427;401;0;3870;3874;3872;3868;3873;3874;0;0;0;0;23
$2;1;400000;1;0;389;23690;23266;428;401;0;3869;3874;3872;3868;3873;3875;0;0;0;0;28
$2;1;401000;1;0;388;23690;23267;429;401;0;3870;3874;3872;3868;3873;3874;0;0;0;0;21
$2;1;402000;1;0;386;23690;23268;430;401;0;3870;3874;3871;3868;3873;3875;0;0;0;0;29
$2;1;403000;1;0;386;23692;23267;431;401;0;3870;3874;3872;3868;3873;3875;0;0;0;0;19
$2;1;404000;1;0;378;23693;23263;432;401;0;3869;3873;3871;3868;3873;3874;0;0;0;0;30
$2;1;405000;1;0;371;23694;23260;433;401;0;3869;3873;3871;3867;3872;3874;0;0;0;0;29
$2;1;406000;1;0;364;23697;23258;434;401;0;3869;3873;3871;3867;3872;3873;0;0;0;0;18
$2;1;407000;1;0;349;23697;23250;435;401;0;3869;3872;3871;3866;3871;3872;0;0;0;0;23
$2;1;408000;1;0;334;23697;23244;436;401;0;3868;3871;3870;3865;3870;3872;0;0;0;0;21
$2;1;409000;1;0;329;23697;23244;437;401;0;3868;3871;3870;3865;3870;3872;0;0;0;0;25
$2;1;410000;1;0;342;23695;23253;438;401;0;3868;3873;3870;3866;3871;3873;0;0;0;0;22
$2;1;411000;1;0;359;23693;23263;439;401;0;3869;3874;3871;3867;3873;3874;0;0;0;0;26
$2;1;412000;1;0;332;23699;23244;440;401;0;3868;3871;3870;3866;3871;3872;0;0;0;0;21
$2;1;413000;1;0;304;23702;23230;441;401;0;3867;3869;3868;3864;3869;3870;0;0;0;0;22
$2;1;414000;1;0;293;23703;23228;441;401;0;3866;3869;3868;3863;3868;3870;0;0;0;0;17
$2;1;415000;1;0;314;23699;23243;442;401;0;3867;3871;3869;3865;3870;3871;0;0;0;0;21
$2;1;416000;1;0;339;23695;23256;443;401;0;3869;3873;3870;3866;3872;3873;0;0;0;0;23
$2;1;417000;1;0;362;23692;23267;444;401;0;3870;3874;3871;3868;3873;3875;0;0;0;0;29
$2;1;418000;1;0;345;23698;23250;445;401;0;3869;3872;3871;3867;3871;3873;0;0;0;0;29
$2;1;419000;1;0;318;23702;23235;446;401;0;3868;3870;3869;3865;3869;3870;0;0;0;0;20
$2;1;420000;1;0;305;23702;23231;447;401;0;3867;3869;3868;3864;3868;3870;0;0;0;0;17
$2;1;421000;1;0;319;23699;23243;448;403;0;3868;3871;3869;3865;3870;3871;0;0;0;0;24
$2;1;422000;1;0;343;23697;23256;449;403;0;3869;3872;3870;3867;3872;3873;0;0;0;0;23
$2;1;423000;1;0;367;23695;23269;450;403;0;3870;3874;3871;3868;3874;3875;0;0;0;0;22
$2;1;424000;1;0;364;23694;23263;451;403;0;3870;3873;3871;3868;3873;3874;0;0;0;0;25
$2;1;425000;1;0;362;23696;23263;452;403;0;3870;3873;3871;3868;3873;3874;0;0;0;0;31
$2;1;426000;1;0;360;23698;23262;453;403;0;3870;3873;3871;3868;3873;3874;0;0;0;0;16
$2;1;427000;1;0;339;23699;23249;454;403;0;3869;3872;3871;3867;3871;3872;0;0;0;0;16
$2;1;428000;1;0;320;23701;23241;455;403;0;3868;3871;3870;3866;3870;3871;0;0;0;0;30
$2;1;429000;1;0;313;23700;23241;455;403;0;3868;3871;3869;3866;3870;3871;0;0;0;0;22
$2;1;430000;1;0;324;23697;23250;456;403;0;3869;3872;3870;3867;3871;3872;0;0;0;0;31
$2;1;431000;1;0;342;23695;23261;457;403;0;3870;3874;3871;3868;3872;3873;0;0;0;0;29
$2;1;432000;1;0;338;23697;23255;458;403;0;3870;3872;3871;3868;3873;3873;0;0;0;0;30
$2;1;433000;1;0;329;23699;23250;459;403;0;3869;3871;3870;3867;3871;3872;0;0;0;0;19
$2;1;434000;1;0;323;23699;23248;460;403;0;3869;3872;3870;3867;3871;3872;0;0;0;0;30
$2;1;435000;1;0;321;23699;23247;461;403;0;3869;3871;3870;3867;3871;3872;0;0;0;0;16
$2;1;436000;1;0;321;23702;23249;462;403;0;3869;3872;3870;3867;3871;3872;0;0;0;0;30
$2;1;437000;1;0;320;23702;23250;463;403;0;3869;3872;3871;3867;3871;3873;0;0;0;0;23
$2;1;438000;1;0;308;23703;23242;463;403;0;3869;3871;3870;3866;3870;3871;0;0;0;0;16
$2;1;439000;1;0;299;23705;23238;464;403;0;3868;3870;3870;3866;3869;3871;0;0;0;0;28
$2;1;440000;1;0;300;23704;23241;465;403;0;3869;3870;3870;3866;3869;3871;0;0;0;0;28
$2;1;441000;1;0;315;23699;23250;466;403;0;3869;3872;3870;3867;3871;3872;0;0;0;0;22
$2;1;442000;1;0;327;23697;23256;467;403;0;3870;3872;3871;3868;3872;3873;0;0;0;0;25
$2;1;443000;1;0;333;23697;23259;468;403;0;3870;3873;3872;3868;3873;3873;0;0;0;0;30
$2;1;444000;1;0;349;23712;23267;469;403;0;3871;3874;3871;3868;3875;3875;0;0;0;0;17
$2;1;445000;1;0;304;23730;23234;470;403;0;3869;3869;3868;3866;3872;3871;0;0;0;0;23
$2;1;446000;1;0;223;23746;23191;470;405;0;3865;3863;3863;3864;3865;3860;0;0;0;0;18
$2;1;447000;1;0;183;23749;23175;470;405;0;3863;3861;3861;3862;3862;3860;0;0;0;0;24
$2;1;448000;1;0;183;23746;23183;471;405;0;3863;3862;3861;3862;3862;3862;0;0;0;0;17
$2;1;449000;1;0;219;23739;23205;471;405;0;3865;3865;3862;3862;3865;3867;0;0;0;0;21
$2;1;450000;1;0;261;23734;23228;472;405;0;3867;3869;3865;3863;3867;3872;0;0;0;0;29
$2;1;451000;1;0;300;23730;23247;473;405;0;3869;3871;3867;3865;3870;3875;0;0;0;0;20
$2;1;452000;1;0;337;23725;23266;474;405;0;3870;3874;3870;3867;3872;3877;0;0;0;0;26
$2;1;453000;1;0;341;23728;23263;475;403;0;3870;3874;3870;3867;3873;3877;0;0;0;0;20
$2;1;454000;1;0;283;23737;23224;476;403;0;3867;3868;3866;3865;3870;3870;0;0;0;0;24
$2;1;455000;1;0;243;23742;23207;477;403;0;3866;3866;3864;3864;3868;3867;0;0;0;0;20
$2;1;456000;1;0;227;23742;23204;477;403;0;3865;3866;3863;3863;3867;3866;0;0;0;0;27
$2;1;457000;1;0;246;23737;23219;478;403;0;3866;3868;3864;3863;3869;3869;0;0;0;0;23
$2;1;458000;1;0;278;23733;23238;479;403;0;3868;3871;3867;3864;3871;3872;0;0;0;0;18
$2;1;459000;1;0;313;23729;23255;480;403;0;3869;3874;3869;3866;3872;3874;0;0;0;0;20
$2;1;460000;1;0;314;23731;23248;481;403;0;3869;3872;3869;3866;3872;3873;0;0;0;0;28
$2;1;461000;1;0;290;23737;23231;481;403;0;3868;3870;3867;3865;3870;3870;0;0;0;0;23
$2;1;462000;1;0;275;23738;23224;482;403;0;3868;3868;3866;3865;3869;3869;0;0;0;0;31
$2;1;463000;1;0;279;23737;23228;483;403;0;3868;3869;3866;3865;3869;3870;0;0;0;0;25
$2;1;464000;1;0;301;23733;23243;484;403;0;3869;3871;3868;3866;3870;3872;0;0;0;0;17
$2;1;465000;1;0;326;23729;23256;485;401;0;3870;3873;3870;3867;3872;3873;0;0;0;0;24
$2;1;466000;1;0;331;23730;23254;486;401;0;3870;3872;3870;3867;3872;3873;0;0;0;0;21
$2;1;467000;1;0;324;23732;23249;486;401;0;3870;3872;3870;3867;3872;3872;0;0;0;0;31
$2;1;468000;1;0;307;23734;23240;487;401;0;3869;3871;3869;3866;3871;3871;0;0;0;0;29
$2;1;469000;1;0;295;23736;23237;488;401;0;3868;3870;3868;3866;3870;3871;0;0;0;0;27
$2;1;470000;1;0;286;23737;23234;489;401;0;3868;3870;3868;3866;3870;3871;0;0;0;0;18
$2;1;471000;1;0;288;23735;23237;490;401;0;3868;3871;3868;3866;3870;3872;0;0;0;0;22
$2;1;472000;1;0;275;23737;23228;490;401;0;3867;3870;3867;3866;3869;3870;0;0;0;0;16
$2;1;473000;1;0;255;23740;23218;491;398;0;3866;3868;3866;3865;3867;3868;0;0;0;0;27
$2;1;474000;1;0;244;23741;23215;492;398;0;3866;3867;3866;3865;3867;3868;0;0;0;0;28
$2;1;475000;1;0;254;23737;23224;492;398;0;3866;3869;3866;3865;3868;3870;0;0;0;0;23
$2;1;476000;1;0;282;23733;23242;493;398;0;3868;3871;3868;3866;3870;3873;0;0;0;0;26
$2;1;477000;1;0;301;23730;23250;494;398;0;3868;3872;3870;3866;3871;3874;0;0;0;0;26
$2;1;478000;1;0;267;23737;23224;495;398;0;3867;3869;3868;3866;3869;3870;0;0;0;0;16
$2;1;479000;1;0;223;23744;23199;495;396;0;3865;3865;3865;3865;3864;3865;0;0;0;0;23
$2;1;480000;1;0;194;23746;23189;496;396;0;3863;3863;3864;3864;3863;3863;0;0;0;0;31
$2;1;481000;1;0;198;23743;23196;496;396;0;3864;3864;3864;3863;3864;3865;0;0;0;0;31
$2;1;482000;1;0;226;23737;23215;497;396;0;3865;3867;3865;3864;3866;3868;0;0;0;0;27
$2;1;483000;1;0;270;23733;23240;498;396;0;3867;3870;3868;3865;3869;3873;0;0;0;0;31
$2;1;484000;1;0;294;23730;23250;499;396;0;3868;3872;3869;3866;3871;3875;0;0;0;0;17
$2;1;485000;1;0;265;23737;23226;499;394;0;3866;3869;3868;3866;3869;3871;0;0;0;0;18
$2;1;486000;1;0;206;23746;23193;500;394;0;3864;3865;3865;3864;3863;3864;0;0;0;0;17
$2;1;487000;1;0;175;23750;23181;500;394;0;3862;3863;3864;3863;3861;3862;0;0;0;0;17
$2;1;488000;1;0;174;23746;23186;500;394;0;3862;3864;3863;3863;3862;3862;0;0;0;0;28
$2;1;489000;1;0;204;23740;23206;501;394;0;3864;3866;3864;3863;3865;3866;0;0;0;0;21
$2;1;490000;1;0;246;23734;23229;502;394;0;3866;3870;3866;3865;3868;3871;0;0;0;0;28
$2;1;491000;1;0;290;23729;23250;503;391;0;3868;3873;3869;3866;3870;3874;0;0;0;0;29
$2;1;492000;1;0;300;23731;23251;504;391;0;3868;3873;3870;3867;3872;3875;0;0;0;0;19
$2;1;493000;1;0;249;23740;23216;505;391;0;3866;3868;3867;3866;3867;3869;0;0;0;0;16
$2;1;494000;1;0;212;23745;23198;505;391;0;3864;3866;3865;3864;3864;3865;0;0;0;0;26
$2;1;495000;1;0;193;23745;23192;505;391;0;3864;3864;3864;3864;3863;3864;0;0;0;0;30
$2;1;496000;1;0;211;23740;23208;506;391;0;3865;3866;3865;3864;3866;3867;0;0;0;0;22
$2;1;497000;1;0;246;23735;23231;507;389;0;3866;3870;3867;3865;3868;3871;0;0;0;0;27
$2;1;498000;1;0;279;23733;23248;508;389;0;3868;3872;3869;3866;3870;3874;0;0;0;0;18
$2;1;499000;1;0;264;23737;23231;508;389;0;3867;3870;3868;3866;3870;3871;0;0;0;0;28
$2;1;500000;1;0;225;23737;23207;509;389;0;3865;3867;3866;3865;3865;3866;0;0;0;0;23
$2;1;501000;1;0;201;23744;23198;509;389;0;3864;3866;3865;3865;3863;3864;0;0;0;0;22
$2;1;502000;1;0;199;23743;23202;510;389;0;3865;3866;3865;3864;3864;3865;0;0;0;0;30
$2;1;503000;1;0;224;23739;23220;510;389;0;3866;3868;3866;3865;3867;3868;0;0;0;0;22
$2;1;504000;1;0;265;23734;23243;511;387;0;3868;3872;3868;3866;3869;3873;0;0;0;0;31
$2;1;505000;1;0;285;23733;23251;512;387;0;3869;3873;3870;3867;3871;3874;0;0;0;0;17
$2;1;506000;1;0;248;23741;23224;513;387;0;3867;3869;3868;3866;3869;3869;0;0;0;0;29
$2;1;507000;1;0;187;23750;23190;513;387;0;3864;3865;3865;3865;3862;3863;0;0;0;0;16
$2;1;508000;1;0;155;23753;23177;514;387;0;3863;3863;3864;3864;3860;3860;0;0;0;0;29
$2;1;509000;1;0;155;23748;23184;514;387;0;3863;3863;3864;3863;3861;3861;0;0;0;0;29
$2;1;510000;1;0;188;23742;23206;514;387;0;3865;3866;3865;3864;3865;3865;0;0;0;0;19
$2;1;511000;1;0;232;23737;23231;515;384;0;3867;3870;3867;3865;3868;3870;0;0;0;0;27
$2;1;512000;1;0;275;23732;23250;516;384;0;3869;3872;3869;3866;3871;3873;0;0;0;0;16
$2;1;513000;1;0;267;23736;23238;517;384;0;3868;3871;3869;3866;3871;3871;0;0;0;0;25
$2;1;514000;1;0;216;23746;23204;518;384;0;3866;3866;3866;3865;3865;3865;0;0;0;0;27
$2;1;515000;1;0;176;23750;23186;518;384;0;3864;3862;3865;3864;3861;3862;0;0;0;0;22
$2;1;516000;1;0;167;23748;23186;518;384;0;3864;3862;3864;3864;3861;3862;0;0;0;0;29
$2;1;517000;1;0;194;23742;23205;519;384;0;3865;3865;3865;3864;3865;3865;0;0;0;0;23
$2;1;518000;1;0;234;23735;23229;519;384;0;3867;3869;3867;3865;3868;3870;0;0;0;0;27
$2;1;519000;1;0;257;23733;23240;520;384;0;3868;3870;3868;3866;3869;3872;0;0;0;0;20
$2;1;520000;1;0;268;23735;23242;521;382;0;3869;3871;3869;3866;3870;3872;0;0;0;0;24
$2;1;521000;1;0;235;23742;23218;522;382;0;3867;3868;3867;3866;3867;3868;0;0;0;0;24
$2;1;522000;1;0;207;23745;23204;522;382;0;3866;3865;3866;3865;3865;3865;0;0;0;0;17
$2;1;523000;1;0;201;23745;23205;523;382;0;3866;3865;3866;3865;3865;3865;0;0;0;0;22
$2;1;524000;1;0;225;23739;23222;523;382;0;3867;3867;3867;3865;3867;3869;0;0;0;0;21
$2;1;525000;1;0;259;23734;23242;524;382;0;3869;3871;3869;3866;3869;3872;0;0;0;0;19
$2;1;526000;1;0;270;23734;23244;525;382;0;3869;3871;3870;3867;3870;3873;0;0;0;0;28
$2;1;527000;1;0;231;23742;23217;525;382;0;3867;3868;3868;3866;3867;3867;0;0;0;0;18
$2;1;528000;1;0;203;23745;23203;526;382;0;3866;3866;3866;3866;3864;3865;0;0;0;0;29
$2;1;529000;1;0;193;23745;23203;526;382;0;3866;3865;3866;3865;3864;3865;0;0;0;0;22
$2;1;530000;1;0;213;23742;23218;527;380;0;3867;3867;3866;3866;3866;3868;0;0;0;0;20
$2;1;531000;1;0;247;23736;23239;528;380;0;3869;3870;3869;3867;3869;3871;0;0;0;0;26
$2;1;532000;1;0;256;23736;23238;529;380;0;3869;3870;3869;3867;3870;3871;0;0;0;0;17
$2;1;533000;1;0;209;23746;23207;529;380;0;3867;3866;3867;3866;3865;3866;0;0;0;0;21
$2;1;534000;1;0;171;23752;23189;529;380;0;3865;3864;3865;3865;3862;3862;0;0;0;0;28
$2;1;535000;1;0;152;23750;23183;530;380;0;3864;3863;3864;3865;3861;3861;0;0;0;0;27
$2;1;536000;1;0;171;23745;23198;530;380;0;3865;3865;3864;3865;3863;3863;0;0;0;0;16
$2;1;537000;1;0;215;23737;23224;531;380;0;3867;3868;3866;3865;3867;3869;0;0;0;0;19
$2;1;538000;1;0;257;23733;23246;532;380;0;3869;3872;3868;3867;3870;3873;0;0;0;0;29
$2;1;539000;1;0;277;23732;23252;533;380;0;3870;3872;3870;3868;3871;3874;0;0;0;0;19
$2;1;540000;1;0;230;23743;23218;533;380;0;3868;3868;3868;3867;3866;3868;0;0;0;0;25
$2;1;541000;1;0;185;23751;23193;534;380;0;3865;3864;3866;3866;3862;3863;0;0;0;0;16
$2;1;542000;1;0;155;23755;23183;534;380;0;3864;3862;3864;3865;3861;3861;0;0;0;0;28
$2;1;543000;1;0;160;23748;23190;534;380;0;3864;3863;3864;3865;3862;3862;0;0;0;0;20
$2;1;544000;1;0;193;23742;23212;535;380;0;3866;3866;3865;3865;3866;3866;0;0;0;0;27
$2;1;545000;1;0;242;23735;23239;536;380;0;3868;3870;3868;3867;3869;3871;0;0;0;0;16
$2;1;546000;1;0;259;23734;23244;537;380;0;3869;3871;3869;3867;3871;3872;0;0;0;0;24
$2;1;547000;1;0;223;23742;23215;537;377;0;3867;3867;3867;3867;3867;3867;0;0;0;0;29
$2;1;548000;1;0;180;23750;23192;538;377;0;3865;3864;3865;3866;3862;3863;0;0;0;0;27
$2;1;549000;1;0;159;23751;23185;538;377;0;3864;3862;3864;3865;3861;3862;0;0;0;0;30
$2;1;550000;1;0;172;23746;23198;538;377;0;3865;3864;3865;3865;3863;3864;0;0;0;0;23
$2;1;551000;1;0;207;23740;23220;539;377;0;3866;3867;3866;3866;3866;3868;0;0;0;0;25
$2;1;552000;1;0;249;23734;23244;540;377;0;3868;3871;3868;3867;3869;3872;0;0;0;0;29
$2;1;553000;1;0;260;23736;23243;541;377;0;3869;3871;3869;3868;3871;3873;0;0;0;0;20
$2;1;554000;1;0;212;23745;23208;541;377;0;3866;3867;3867;3867;3865;3867;0;0;0;0;20
$2;1;555000;1;0;171;23751;23189;541;377;0;3864;3864;3865;3866;3862;3862;0;0;0;0;28
$2;1;556000;1;0;146;23753;23181;542;377;0;3863;3863;3864;3864;3861;3861;0;0;0;0;17
$2;1;557000;1;0;158;23747;23193;542;377;0;3864;3865;3864;3864;3863;3862;0;0;0;0;25
$2;1;558000;1;0;201;23740;23219;543;377;0;3866;3869;3866;3865;3867;3868;0;0;0;0;29
$2;1;559000;1;0;241;23735;23240;544;377;0;3868;3871;3868;3866;3869;3872;0;0;0;0;30
$2;1;560000;1;0;242;23737;23234;544;377;0;3868;3871;3868;3866;3870;3871;0;0;0;0;29
$2;1;561000;1;0;183;23752;23194;545;377;0;3865;3865;3866;3865;3863;3863;0;0;0;0;29
$2;1;562000;1;0;146;23759;23176;545;377;0;3863;3862;3865;3864;3860;3860;0;0;0;0;19
$2;1;563000;1;0;126;23758;23170;545;377;0;3862;3860;3864;3864;3858;3859;0;0;0;0;16
$2;1;564000;1;0;145;23750;23185;546;377;0;3863;3862;3864;3863;3861;3862;0;0;0;0;21
$2;1;565000;1;0;186;23742;23211;546;377;0;3865;3866;3865;3865;3866;3867;0;0;0;0;17
$2;1;566000;1;0;240;23735;23240;547;377;0;3868;3870;3868;3866;3869;3872;0;0;0;0;17
$2;1;567000;1;0;263;23734;23247;548;377;0;3869;3871;3870;3867;3871;3874;0;0;0;0;31
$2;1;568000;1;0;223;23743;23217;549;375;0;3867;3868;3868;3866;3867;3868;0;0;0;0;22
$2;1;569000;1;0;163;23755;23183;549;375;0;3864;3863;3865;3864;3861;3862;0;0;0;0;18
$2;1;570000;1;0;132;23759;23170;549;375;0;3863;3861;3864;3864;3859;3859;0;0;0;0;25
$2;1;571000;1;0;126;23755;23173;549;375;0;3863;3862;3863;3863;3860;3859;0;0;0;0;27
$2;1;572000;1;0;158;23747;23196;550;375;0;3864;3865;3863;3864;3863;3863;0;0;0;0;28
$2;1;573000;1;0;204;23739;23221;551;375;0;3866;3868;3865;3865;3867;3869;0;0;0;0;22
$2;1;574000;1;0;254;23733;23247;551;375;0;3869;3872;3869;3866;3870;3873;0;0;0;0;24
$2;1;575000;1;0;254;23737;23240;552;375;0;3868;3871;3869;3867;3870;3872;0;0;0;0;27
$2;1;576000;1;0;197;23749;23202;553;375;0;3866;3866;3867;3866;3864;3865;0;0;0;0;30
$2;1;577000;1;0;162;23754;23186;553;375;0;3864;3864;3865;3865;3862;3861;0;0;0;0;21
$2;1;578000;1;0;146;23752;23182;553;375;0;3864;3863;3864;3864;3861;3861;0;0;0;0;26
$2;1;579000;1;0;168;23745;23199;554;375;0;3865;3866;3865;3864;3864;3864;0;0;0;0;25
$2;1;580000;1;0;207;23739;23224;554;375;0;3867;3869;3867;3865;3867;3869;0;0;0;0;27
$2;1;581000;1;0;245;23735;23242;555;375;0;3868;3872;3869;3866;3870;3873;0;0;0;0;20
$2;1;582000;1;0;226;23741;23224;556;375;0;3867;3869;3868;3867;3869;3869;0;0;0;0;20
$2;1;583000;1;0;183;23751;23199;556;375;0;3865;3866;3867;3866;3864;3864;0;0;0;0;30
$2;1;584000;1;0;152;23755;23186;557;375;0;3864;3864;3865;3865;3862;3862;0;0;0;0;28
$2;1;585000;1;0;150;23750;23189;557;375;0;3864;3864;3865;3864;3862;3862;0;0;0;0;20
$2;1;586000;1;0;180;23742;23209;558;375;0;3865;3867;3866;3865;3866;3866;0;0;0;0;29
$2;1;587000;1;0;223;23737;23233;558;375;0;3867;3870;3868;3866;3869;3871;0;0;0;0;29
$2;1;588000;1;0;225;23738;23228;559;375;0;3867;3870;3868;3866;3869;3870;0;0;0;0;17
$2;1;589000;1;0;185;23749;23201;559;375;0;3865;3866;3867;3866;3865;3865;0;0;0;0;22
$2;1;590000;1;0;153;23754;23186;560;375;0;3864;3863;3865;3865;3862;3862;0;0;0;0;26
$2;1;591000;1;0;146;23751;23186;560;375;0;3864;3863;3865;3864;3862;3862;0;0;0;0;27
$2;1;592000;1;0;175;23744;23207;561;375;0;3865;3866;3865;3865;3865;3866;0;0;0;0;17
$2;1;593000;1;0;216;23737;23230;561;375;0;3867;3869;3867;3866;3869;3870;0;0;0;0;17
$2;1;594000;1;0;246;23734;23244;562;375;0;3869;3871;3870;3867;3870;3873;0;0;0;0;27
$2;1;595000;1;0;221;23742;23221;563;375;0;3867;3868;3869;3867;3868;3869;0;0;0;0;20
$2;1;596000;1;0;167;23753;23189;563;375;0;3865;3864;3866;3865;3862;3863;0;0;0;0;20
$2;1;597000;1;0;130;23757;23172;563;375;0;3863;3862;3863;3864;3859;3860;0;0;0;0;24
$2;1;598000;1;0;118;23755;23171;563;375;0;3863;3861;3862;3864;3859;3859;0;0;0;0;20
$2;1;599000;1;0;143;23747;23189;564;375;0;3864;3864;3862;3864;3863;3862;0;0;0;0;27
$2;1;600000;1;0;192;23739;23218;565;375;0;3866;3868;3865;3865;3867;3868;0;0;0;0;17
$2;1;601000;1;0;239;23733;23243;565;375;0;3868;3871;3868;3867;3870;3873;0;0;0;0;19
$2;1;602000;1;0;257;23733;23246;566;375;0;3869;3872;3869;3867;3872;3874;0;0;0;0;24
$2;1;603000;1;0;203;23747;23208;567;377;0;3866;3867;3868;3866;3866;3867;0;0;0;0;30
$2;1;604000;1;0;157;23755;23185;567;377;0;3864;3863;3866;3865;3862;3862;0;0;0;0;20
$2;1;605000;1;0;127;23758;23173;567;377;0;3863;3862;3864;3864;3860;3860;0;0;0;0;19
$2;1;606000;1;0;133;23751;23183;568;377;0;3863;3863;3864;3864;3861;3861;0;0;0;0;29
$2;1;607000;1;0;168;23744;23205;568;377;0;3865;3866;3865;3865;3865;3866;0;0;0;0;27
$2;1;608000;1;0;220;23737;23234;569;377;0;3868;3870;3868;3866;3869;3871;0;0;0;0;18
$2;1;609000;1;0;244;23734;23242;570;377;0;3869;3871;3869;3867;3871;3873;0;0;0;0;16
$2;1;610000;1;0;202;23745;23210;570;377;0;3866;3867;3868;3867;3866;3867;0;0;0;0;17
$2;1;611000;1;0;163;23753;23189;571;375;0;3865;3864;3866;3866;3862;3863;0;0;0;0;28
$2;1;612000;1;0;139;23756;23181;571;377;0;3864;3863;3865;3865;3861;3861;0;0;0;0;24
$2;1;613000;1;0;142;23750;23188;571;377;0;3864;3864;3864;3865;3862;3862;0;0;0;0;28
$2;1;614000;1;0;177;23742;23211;572;377;0;3866;3867;3865;3865;3866;3867;0;0;0;0;31
$2;1;615000;1;0;218;23737;23234;572;377;0;3868;3870;3868;3867;3869;3871;0;0;0;0;30
$2;1;616000;1;0;219;23739;23226;573;377;0;3868;3869;3868;3867;3869;3870;0;0;0;0;25
$2;1;617000;1;0;172;23751;23196;574;377;0;3865;3865;3866;3866;3864;3864;0;0;0;0;17
$2;1;618000;1;0;137;23757;23180;574;377;0;3864;3863;3865;3865;3860;3861;0;0;0;0;24
$2;1;619000;1;0;124;23756;23177;574;377;0;3863;3862;3864;3865;3859;3861;0;0;0;0;31
$2;1;620000;1;0;145;23743;23192;574;377;0;3864;3864;3864;3865;3862;3863;0;0;0;0;22
$2;1;621000;1;0;192;23738;23221;575;377;0;3867;3868;3866;3866;3867;3869;0;0;0;0;26
$2;1;622000;1;0;240;23732;23246;576;377;0;3869;3872;3868;3867;3870;3873;0;0;0;0;26
$2;1;623000;1;0;281;23729;23266;577;377;0;3871;3875;3871;3869;3873;3877;0;0;0;0;16
$2;1;624000;1;0;312;23727;23279;578;377;0;3872;3876;3873;3870;3875;3879;0;0;0;0;17
$2;1;625000;1;0;332;23726;23288;579;377;0;3873;3878;3874;3871;3877;3881;0;0;0;0;16
$2;1;626000;1;0;358;23723;23301;580;377;0;3875;3880;3876;3873;3878;3882;0;0;0;0;17
$2;1;627000;1;0;377;23722;23309;581;377;0;3876;3881;3877;3875;3880;3883;0;0;0;0;22
$2;1;628000;1;0;387;23722;23314;582;377;0;3876;3881;3878;3875;3881;3884;0;0;0;0;16
